2000
1 126
1 292
1 370
1 396
1 686
1 1028
1 1963
2 520
2 547
2 567
2 759
2 928
2 994
2 1317
2 1410
2 1521
2 1848
3 108
3 357
3 504
3 1016
3 1109
3 1235
3 1507
3 1631
3 1886
3 1974
4 1185
4 1190
4 1226
4 1429
4 1760
4 1993
5 156
5 324
5 719
5 854
5 893
5 1181
5 1727
5 1825
6 468
6 859
6 984
6 1466
6 1919
7 260
7 380
7 741
7 1098
7 1103
7 1243
7 1528
7 1722
7 1839
7 1932
8 53
8 149
8 207
8 434
8 440
8 510
8 675
8 720
8 865
8 1052
8 1099
8 1271
8 1369
8 1787
9 44
9 1022
9 1073
9 1127
9 1206
9 1643
9 1783
9 1855
10 248
10 365
10 426
10 434
10 625
10 1064
10 1117
10 1420
10 1432
10 1697
10 1732
10 1795
10 1871
11 204
11 582
11 773
11 813
11 909
11 1133
11 1168
11 1426
11 1560
11 1584
11 1732
11 1890
12 256
12 341
12 402
12 483
12 600
12 754
12 867
12 1043
12 1105
12 1129
12 1376
12 1430
12 1717
12 1759
12 1799
12 1870
13 38
13 84
13 94
13 295
13 814
13 874
13 997
13 1175
14 142
14 206
14 468
14 544
14 852
14 916
14 1170
14 1174
14 1207
14 1388
14 1681
14 1730
14 1906
14 1982
15 82
15 248
15 290
15 318
15 390
15 482
15 1371
15 1686
15 1854
15 1892
15 1896
16 426
16 626
16 726
16 924
16 1190
16 1319
16 1382
16 1475
16 1542
16 1865
16 1914
17 195
17 927
17 963
17 1117
17 1388
17 1464
17 1555
17 1731
17 1853
18 122
18 187
18 264
18 411
18 908
18 1074
18 1099
18 1453
18 1556
18 1747
18 1941
19 26
19 117
19 231
19 633
19 920
19 970
19 1210
19 1470
19 1563
19 1910
20 161
20 725
20 1295
20 1341
20 1581
20 1741
21 110
21 120
21 214
21 263
21 432
21 503
21 712
21 932
21 973
21 1329
21 1438
21 1514
21 1529
21 1556
21 1584
21 1801
22 190
22 315
22 325
22 654
22 662
22 703
22 863
22 876
22 1014
22 1129
22 1183
22 1220
22 1225
22 1335
22 1475
22 1750
22 1791
22 1911
23 159
23 545
23 634
23 682
23 750
23 811
23 1183
23 1509
23 1519
23 1534
23 1704
23 1748
23 1883
24 108
24 243
24 390
24 466
24 710
24 976
24 1130
24 1225
24 1242
24 1769
25 198
25 202
25 213
25 257
25 275
25 290
25 987
25 1459
25 1602
25 1614
25 1752
26 119
26 141
26 773
26 794
26 1263
26 1408
26 1665
26 1673
26 1713
27 119
27 198
27 493
27 650
27 987
27 990
27 1402
27 1668
27 1908
28 192
28 1361
28 1578
28 1597
29 46
29 106
29 171
29 482
29 690
29 693
29 724
29 891
29 917
29 1338
29 1481
29 1506
29 1791
30 90
30 159
30 296
30 480
30 505
30 619
30 940
30 1142
30 1176
30 1308
31 1364
31 1386
31 1487
31 1614
31 1866
31 1949
32 155
32 169
32 357
32 372
32 677
32 1313
32 1630
33 131
33 628
33 1104
33 1149
33 1263
34 211
34 615
34 705
34 1218
34 1385
34 1416
34 1729
34 1747
34 1790
34 1794
34 1958
34 1961
35 292
35 349
35 469
35 669
35 1228
35 1632
35 1664
35 1943
36 40
36 104
36 236
36 259
36 303
36 565
36 754
36 804
36 916
36 968
36 1192
36 1760
37 105
37 199
37 227
37 278
37 912
37 1083
37 1106
37 1335
37 1438
37 1697
37 1732
38 368
38 627
38 985
38 1173
38 1363
38 1416
38 1609
38 1621
38 1783
38 1807
39 226
39 453
39 537
39 851
39 856
39 1178
39 1359
39 1737
39 1846
39 1858
40 116
40 588
40 819
40 925
40 1170
40 1203
40 1220
40 1296
40 1724
40 1872
41 211
41 304
41 388
41 486
41 509
41 781
41 826
41 972
41 1034
41 1290
41 1504
42 141
42 207
42 208
42 418
42 588
42 798
42 880
42 962
42 1498
43 253
43 548
43 1001
43 1180
43 1303
43 1457
43 1573
44 181
44 200
44 297
44 403
44 833
44 1072
44 1641
44 1770
45 63
45 65
45 196
45 246
45 250
45 867
45 870
45 1202
45 1790
45 1980
46 202
46 350
46 497
46 640
46 795
46 859
46 1115
46 1283
46 1294
46 1347
46 1530
46 1735
46 1914
47 128
47 634
47 710
47 740
47 1572
47 1675
47 1795
48 298
48 346
48 447
48 723
48 1079
48 1346
48 1401
48 1430
49 94
49 581
49 582
49 601
49 745
49 942
49 1078
49 1180
49 1181
49 1342
49 1475
49 1608
50 115
50 199
50 258
50 321
50 952
50 992
50 1066
50 1138
50 1170
50 1243
50 1575
50 1825
51 134
51 1440
51 1708
51 1746
52 154
52 464
52 539
52 540
52 674
52 761
52 1247
52 1338
52 1466
52 1534
52 1580
52 1940
53 445
53 454
53 1045
53 1121
53 1826
54 60
54 577
54 738
54 1453
54 1839
54 1870
55 410
55 738
55 746
56 364
56 541
56 576
56 652
56 884
56 1003
56 1038
56 1213
56 1363
56 1364
56 1524
57 96
57 318
57 324
57 595
57 604
57 696
57 1586
57 1902
58 322
58 504
58 594
58 893
58 894
58 1071
58 1296
58 1449
58 1463
58 1603
58 1786
58 1790
59 262
59 412
59 549
59 863
59 931
59 987
59 1374
59 1460
59 1473
59 1623
59 1706
59 1870
60 126
60 1033
60 1704
60 1721
60 1833
60 1986
61 389
61 474
61 1128
61 1240
61 1424
61 1871
61 1927
62 185
62 441
62 623
62 829
62 1154
62 1227
62 1392
62 1583
62 1635
62 1699
62 1819
63 89
63 470
63 867
63 1613
63 1723
63 1978
64 276
64 370
64 856
64 1163
64 1258
64 1288
64 1785
64 1801
65 229
65 242
65 1171
65 1223
65 1328
65 1467
65 1563
65 1699
65 1787
65 1959
66 1231
66 1433
66 1492
66 1590
66 1621
66 1640
66 1815
67 371
67 680
67 980
67 1173
67 1419
67 1514
67 1591
67 1593
67 1629
67 1680
68 300
68 407
68 561
68 615
68 907
68 1075
68 1221
68 1331
68 1487
68 1505
68 1631
68 1718
68 1798
69 73
69 858
69 1037
69 1123
69 1146
69 1305
69 1876
69 1935
70 159
70 162
70 964
70 1029
70 1124
70 1405
70 1704
70 1959
71 312
71 376
71 581
71 662
71 663
71 780
71 871
71 881
71 1022
71 1037
71 1711
71 1742
71 1920
72 187
72 207
72 210
72 460
72 524
72 585
72 726
72 786
72 831
72 1301
72 1386
72 1493
72 1972
73 285
73 306
73 656
73 948
73 1149
73 1536
73 1724
73 1880
73 1884
73 1913
73 1980
74 156
74 422
74 674
74 983
74 993
74 1029
74 1122
74 1132
74 1245
74 1711
74 1906
74 1967
74 1994
75 428
75 444
75 536
75 949
75 1055
75 1172
75 1394
75 1425
75 1842
76 536
76 601
76 796
76 1136
76 1307
76 1411
76 1429
76 1751
76 1757
76 1895
76 1940
77 372
77 406
77 419
77 762
77 962
77 1046
77 1686
77 1757
77 1976
77 1993
78 543
78 562
78 808
78 927
78 992
78 1108
78 1122
78 1279
78 1512
78 1661
78 1923
79 193
79 248
79 425
79 891
79 988
79 1045
79 1083
79 1238
79 1974
80 261
80 343
80 444
80 752
80 1292
80 1521
81 419
81 617
81 634
81 668
81 677
81 761
81 959
81 1190
81 1426
81 1463
81 1740
81 1805
82 345
82 493
82 812
82 1155
82 1260
82 1552
82 1910
83 129
83 254
83 328
83 368
83 371
83 829
83 947
83 1348
83 1426
83 1637
83 1722
83 1758
83 1765
83 1797
83 1809
84 469
84 571
84 629
84 633
84 795
84 1010
84 1025
84 1084
84 1151
84 1497
84 1564
85 136
85 282
85 639
85 728
85 790
85 806
85 1238
85 1298
85 1547
85 1826
86 116
86 139
86 1113
86 1195
86 1437
86 1952
87 210
87 533
87 778
87 888
87 999
87 1132
87 1410
87 1623
87 1719
87 1816
88 182
88 207
88 594
88 1554
88 1566
88 1996
89 299
89 355
89 367
89 528
89 722
89 781
89 920
89 978
89 1141
89 1225
89 1329
89 1395
89 1592
89 1816
89 1843
89 1848
89 1865
90 251
90 333
90 336
90 684
90 1058
90 1081
90 1203
90 1333
90 1340
90 1794
90 1869
90 1875
91 168
91 587
91 1143
91 1375
91 1571
92 224
92 501
92 564
92 625
92 728
92 771
92 1363
92 1748
92 1765
93 280
93 610
93 655
93 679
93 975
93 987
93 1620
93 1754
93 1853
93 1927
94 138
94 518
94 767
94 1102
94 1445
94 1947
95 127
95 1246
95 1428
95 1445
95 1529
95 1609
95 1724
96 481
96 765
96 884
96 1042
97 171
97 190
97 436
97 1012
97 1359
97 1412
98 230
98 333
98 353
98 501
98 753
98 1034
98 1156
98 1661
98 1857
98 1998
99 515
99 547
99 639
99 1223
99 1372
99 1476
99 1675
99 1943
100 106
100 461
100 544
100 791
100 943
100 1549
100 1838
100 1984
101 176
101 259
101 514
101 581
101 708
101 926
101 1046
101 1326
101 1603
101 1795
101 1928
102 130
102 141
102 399
102 501
102 1185
102 1195
102 1239
102 1276
102 1808
103 137
103 181
103 236
103 425
103 446
103 1380
103 1596
103 1665
103 1771
103 1858
104 378
104 389
104 497
104 639
104 753
104 807
104 1013
104 1131
104 1181
104 1225
104 1330
104 1345
104 1424
104 1558
104 1562
104 1703
104 1809
104 1912
104 1953
105 150
105 416
105 833
105 1814
105 1925
105 1927
105 1959
105 1967
105 1974
105 1987
106 971
106 1071
106 1743
106 1859
107 598
107 1028
107 1072
107 1358
108 182
108 392
108 830
108 920
108 1051
108 1521
108 1534
108 1587
108 1754
109 295
109 1341
109 1721
110 163
110 196
110 385
110 468
110 891
110 917
110 973
110 1176
110 1197
110 1457
110 1646
110 1714
110 1816
110 1832
110 1922
110 1965
111 125
111 254
111 719
111 799
111 927
111 1001
111 1502
111 1549
111 1591
111 1872
112 409
112 602
112 1550
112 1620
112 1937
112 1998
113 154
113 599
113 705
113 818
113 1128
113 1395
113 1407
113 1432
113 1477
113 1583
113 1644
113 1812
114 179
114 601
114 630
114 803
114 906
114 1095
114 1150
114 1228
114 1440
114 1766
114 1775
114 1859
114 1897
114 1963
115 118
115 186
115 267
115 270
115 357
115 452
115 543
115 821
115 990
115 1016
115 1184
115 1186
115 1252
115 1688
115 1809
115 1818
115 1899
115 1961
116 162
116 258
116 293
116 1091
116 1259
116 1471
116 1799
116 1829
117 324
117 346
117 889
117 1209
117 1303
117 1518
117 1586
117 1700
117 1930
117 1998
118 140
118 370
118 374
118 405
118 456
118 833
118 1089
118 1613
118 1626
118 1653
119 170
119 290
119 535
119 730
119 856
119 899
119 1204
119 1213
119 1270
119 1342
119 1714
119 1848
119 1944
120 196
120 935
120 1691
120 1734
120 1756
120 1766
120 1784
120 1831
120 1907
120 1983
121 277
121 513
121 734
121 796
121 996
121 1865
122 749
122 997
122 1053
122 1074
122 1731
123 249
123 533
123 892
123 908
123 1212
123 1293
123 1357
123 1602
123 1938
124 162
124 283
124 375
124 397
124 418
124 464
124 916
124 1019
124 1079
124 1101
124 1277
124 1333
124 1560
124 1665
124 1714
124 1877
125 395
125 474
125 865
125 959
125 1127
125 1214
125 1397
125 1726
126 428
126 462
126 579
126 635
126 683
126 852
126 1018
126 1310
126 1517
126 1588
126 1604
126 1703
126 1722
126 1847
127 142
127 366
127 399
127 601
127 635
127 673
127 723
127 803
127 925
127 976
127 1392
127 1688
127 1822
128 297
128 393
128 685
128 1113
128 1232
128 1430
128 1553
128 1718
128 1947
129 230
129 752
129 1135
129 1150
129 1184
129 1344
129 1480
129 1542
129 1546
129 1548
129 1550
129 1570
129 1670
129 1744
129 1943
130 608
130 613
130 1661
130 1929
131 537
131 685
131 976
131 1724
131 1877
132 248
132 412
132 414
132 877
132 1033
132 1073
132 1217
132 1349
132 1727
132 1893
133 189
133 217
133 267
133 427
133 509
133 665
133 692
133 911
133 930
133 1031
133 1174
133 1214
133 1229
133 1535
133 1851
134 238
134 324
134 353
134 517
134 582
134 647
134 755
134 762
134 812
134 1180
134 1229
134 1273
134 1488
134 1674
134 1676
134 1711
134 1736
134 1833
135 567
135 1107
135 1247
135 1517
135 1913
135 1934
136 201
136 790
136 959
136 983
136 1075
136 1087
136 1430
136 1459
136 1523
136 1754
136 1804
137 422
137 830
137 846
137 908
137 956
137 1017
137 1139
137 1291
137 1328
137 1507
137 1547
137 1646
137 1943
138 169
138 382
138 888
138 924
138 1130
138 1456
138 1538
138 1558
138 1580
138 1818
138 1964
139 256
139 365
139 723
139 778
139 987
139 1049
139 1061
139 1179
139 1357
140 204
140 283
140 571
140 652
140 832
140 964
140 1176
140 1241
140 1340
140 1382
140 1693
141 277
141 468
141 814
141 865
141 964
141 971
141 1514
141 1928
142 188
142 200
142 647
142 896
142 1029
142 1314
142 1331
142 1390
142 1805
142 1850
142 1874
143 604
143 834
143 1123
143 1289
143 1445
143 1489
143 1906
143 1927
144 284
144 557
144 662
144 855
144 857
144 881
144 961
144 1014
144 1181
144 1732
144 1831
145 190
145 229
145 456
145 589
145 950
145 1141
145 1284
145 1535
145 1537
145 1614
145 1770
146 190
146 374
146 615
146 749
146 950
146 1285
146 1340
146 1391
146 1503
146 1732
147 161
147 793
147 852
147 974
147 1054
147 1342
147 1397
147 1417
147 1605
147 1748
148 320
148 503
148 542
148 778
148 827
148 929
148 1110
148 1116
148 1154
148 1156
148 1175
148 1202
148 1298
148 1313
148 1365
149 344
149 518
149 552
149 670
149 936
149 1289
149 1562
149 1590
149 1663
149 1925
150 180
150 336
150 424
150 459
150 475
150 654
150 748
150 1009
150 1064
150 1513
150 1594
150 1694
151 380
151 1029
151 1349
151 1573
151 1658
151 1817
152 215
152 384
152 554
152 627
152 731
152 899
152 934
152 1116
152 1224
152 1472
152 1868
152 1914
152 1917
153 328
153 423
153 449
153 658
153 849
153 1059
153 1596
154 226
154 476
154 501
154 741
154 752
154 926
154 1079
154 1264
154 1636
154 1853
154 1933
155 417
155 634
155 1370
155 1384
155 1766
156 159
156 645
156 717
156 1063
156 1198
156 1890
156 1926
157 290
157 818
157 860
157 891
157 1036
157 1377
157 1477
157 1482
157 1500
157 1637
157 1816
157 1946
157 1962
158 473
158 989
158 1060
158 1302
158 1367
158 1711
159 340
159 424
159 1364
159 1524
159 1991
160 259
160 261
160 312
160 460
160 660
160 773
160 973
160 1119
160 1321
160 1626
160 1911
160 1917
161 351
161 801
161 1333
161 1863
162 281
162 302
162 540
162 550
162 556
162 558
162 599
162 1611
162 1613
162 1666
162 1956
163 226
163 369
163 394
163 631
163 804
163 971
163 1012
163 1193
163 1644
163 1901
163 1936
164 222
164 356
164 668
164 714
164 803
164 1013
164 1092
164 1399
164 1549
165 938
165 986
165 1230
165 1242
165 1349
165 1519
165 1658
165 1912
165 1968
166 220
166 326
166 625
166 827
166 1342
166 1647
167 174
167 819
167 1082
167 1592
167 1616
167 1719
168 248
168 344
168 346
168 509
168 1223
168 1320
168 1801
168 1950
169 268
169 293
169 398
169 533
169 550
169 562
169 597
169 906
169 1239
169 1288
169 1382
169 1387
169 1476
169 1518
169 1554
169 1649
170 374
170 379
170 1276
170 1441
171 183
171 470
171 516
171 578
171 611
171 902
171 1029
171 1042
171 1273
171 1559
171 1700
171 1884
171 1996
172 275
172 431
172 677
172 678
172 1012
172 1576
172 1609
173 211
173 413
173 470
173 548
173 653
173 786
173 868
173 961
173 1119
173 1712
174 245
174 458
174 668
174 1421
174 1535
174 1540
174 1739
175 337
175 740
175 816
175 1070
175 1142
175 1155
175 1213
175 1736
175 1751
175 1823
175 1888
175 1966
176 249
176 391
176 555
176 624
176 1316
177 420
177 1088
177 1204
177 1303
177 1449
177 1973
178 325
178 496
178 613
178 830
178 1432
178 1720
179 295
179 334
179 540
179 824
179 1017
179 1027
179 1074
179 1511
179 1621
179 1912
180 596
180 625
180 826
180 1242
180 1333
180 1438
180 1561
180 1892
180 1990
181 506
181 709
181 1822
182 300
182 353
182 380
182 1388
182 1551
182 1624
182 1753
182 1890
182 1925
182 1994
183 272
183 324
183 355
183 405
183 436
183 821
183 1064
183 1121
183 1267
183 1441
183 1453
183 1544
183 1660
184 293
184 424
184 661
184 906
184 1026
184 1047
184 1082
184 1098
184 1278
184 1282
184 1319
184 1336
184 1684
185 352
185 494
185 941
185 1060
185 1074
185 1099
185 1415
185 1545
185 1579
185 1614
185 1817
186 352
186 427
186 643
186 650
186 802
186 874
186 932
186 1079
186 1108
186 1429
186 1536
186 1650
186 1655
186 1688
186 1746
186 1771
187 364
187 554
187 600
187 609
187 632
187 1094
187 1299
187 1364
187 1500
187 1636
187 1754
188 282
188 300
188 682
188 754
188 828
188 1128
188 1302
188 1372
188 1403
188 1498
188 1556
188 1754
188 1950
189 506
189 557
189 575
189 667
189 760
189 1342
189 1368
189 1445
189 1504
189 1658
189 1662
189 1682
189 1690
189 1887
190 406
190 917
190 1233
190 1836
191 216
191 233
191 276
191 1555
191 1658
191 1738
191 1929
192 275
192 312
192 324
192 488
192 549
192 720
192 944
192 1294
192 1649
192 1731
193 249
193 761
193 1036
193 1553
193 1557
193 1641
193 1746
193 1893
194 603
194 774
194 791
194 1010
194 1222
194 1719
195 400
195 600
195 809
195 1542
195 1936
196 357
196 522
196 1072
196 1387
196 1647
196 1908
197 627
197 784
197 966
197 1474
197 1559
197 1622
197 1901
198 419
198 459
198 536
198 703
198 1139
198 1555
198 1680
198 1961
199 225
199 1095
199 1666
199 1841
199 1936
200 360
200 432
200 501
200 599
200 1108
200 1207
200 1527
200 1705
200 1758
200 1928
200 1994
201 218
201 383
201 542
201 1319
201 1513
201 1521
201 1723
202 399
202 906
202 1062
202 1098
202 1136
202 1316
202 1455
202 1615
202 1909
203 263
203 715
203 903
203 965
203 1013
203 1081
203 1569
203 1585
203 1630
203 1942
204 263
204 284
204 350
204 390
204 428
204 468
204 534
204 596
204 677
204 945
204 1024
204 1451
204 1482
204 1664
204 1873
204 1939
205 323
205 335
205 338
205 417
205 439
205 624
205 1022
205 1301
205 1372
205 1599
205 1876
206 290
206 591
206 780
206 816
206 831
206 901
206 946
206 972
206 1246
206 1262
206 1533
206 1593
206 1837
207 389
207 522
207 1096
207 1124
207 1325
207 1575
207 1626
208 1292
208 1302
208 1400
208 1592
208 1751
209 263
209 543
209 879
209 990
209 1324
209 1453
209 1518
209 1670
209 1937
209 1961
209 1999
210 572
210 620
210 676
210 755
210 937
210 979
210 1118
210 1150
210 1223
210 1667
210 1774
211 240
211 418
211 741
211 844
211 931
211 1048
211 1167
211 1177
211 1358
211 1362
211 1475
211 1719
211 1848
211 1972
212 370
212 1103
212 1196
212 1226
212 1257
213 332
213 399
213 418
213 452
213 652
213 980
213 1022
213 1492
213 1563
214 372
214 868
214 1004
215 412
215 836
215 908
215 1282
215 1477
215 1635
215 1856
216 431
216 558
216 1108
216 1711
216 1717
216 1720
216 1739
216 1795
216 1913
216 1914
216 1930
216 1968
217 357
217 383
217 507
217 711
217 1121
217 1176
217 1321
217 1334
217 1429
217 1441
217 1752
217 1940
218 532
218 1290
218 1324
218 1698
219 280
219 462
219 520
219 1053
219 1164
219 1169
219 1305
219 1547
219 1585
219 1627
220 573
220 650
220 735
220 769
220 1202
220 1700
220 1742
221 449
221 838
221 1069
221 1195
221 1320
221 1649
221 1708
221 1774
221 1940
222 545
222 630
222 1049
222 1811
223 332
223 348
223 839
223 1095
223 1542
223 1660
223 1897
223 1943
224 526
224 566
224 714
224 733
224 925
224 1266
224 1327
224 1493
224 1506
224 1541
224 1780
224 1878
224 1900
224 1938
225 428
225 845
225 887
225 902
225 1150
225 1319
225 1328
225 1534
225 1701
225 1834
225 1928
225 1988
226 288
226 567
226 583
226 605
226 704
226 713
226 1006
226 1169
226 1355
226 1392
226 1633
226 1691
227 362
227 418
227 703
227 902
227 993
227 1010
227 1436
227 1616
227 1620
227 1891
227 1939
228 455
228 645
228 819
228 1329
228 1452
228 1564
228 1770
229 362
229 720
229 748
229 1435
229 1452
229 1663
229 1760
229 1852
229 1900
230 301
230 366
230 529
230 598
230 714
230 721
230 762
230 1029
230 1251
230 1421
230 1589
230 1875
231 514
231 688
231 1066
231 1535
232 678
232 1300
232 1438
232 1675
232 1924
233 418
233 1012
233 1453
233 1467
233 1484
233 1689
233 1986
234 411
234 1021
234 1209
234 1417
234 1435
234 1568
235 776
235 1360
235 1599
235 1774
236 461
236 490
236 1393
236 1446
236 1472
237 447
237 484
237 775
237 881
237 937
237 1635
237 1832
238 283
238 341
238 368
238 704
238 720
238 856
238 979
238 1004
238 1266
238 1318
238 1340
238 1379
238 1428
238 1482
239 270
239 433
239 648
239 651
239 873
239 1101
239 1344
239 1439
239 1563
239 1644
239 1932
240 413
240 866
240 963
240 1198
240 1280
240 1873
241 377
241 704
241 896
241 1038
241 1708
241 1739
241 1771
241 1789
242 256
242 261
242 464
242 592
242 983
242 1131
242 1266
242 1344
242 1657
242 1823
242 1848
243 924
243 961
243 1651
243 1801
243 1856
243 1904
244 304
244 423
244 470
244 715
244 1097
244 1121
244 1473
245 314
245 346
245 429
245 437
245 823
245 950
245 1337
245 1431
245 1593
246 777
246 1057
246 1108
246 1127
246 1180
246 1507
246 1839
246 1921
247 331
247 370
247 780
247 1086
247 1107
247 1209
247 1312
247 1386
247 1392
247 1846
248 362
248 364
248 658
248 810
248 855
248 955
248 1038
248 1550
248 1581
248 1700
249 659
249 1198
249 1369
249 1493
249 1526
249 1625
249 1814
250 430
250 594
250 767
250 841
250 1211
250 1773
250 1801
250 1871
251 347
251 509
251 847
251 1302
251 1486
251 1614
252 346
252 352
252 556
252 912
252 1026
252 1542
252 1629
252 1699
252 1701
252 1815
252 1836
252 1882
253 577
253 589
253 627
253 1423
253 1577
253 1655
253 1713
253 1717
253 1761
253 1911
254 315
254 537
254 613
254 1376
254 1402
254 1538
254 1888
255 618
255 702
255 952
255 1021
255 1034
255 1082
255 1445
255 1903
255 1958
256 393
256 1000
256 1045
256 1427
256 1465
256 1667
256 1721
256 1816
257 300
257 476
257 533
257 608
257 618
257 683
257 692
257 927
257 1189
257 1403
257 1528
258 261
258 342
258 480
258 518
258 552
258 612
258 621
258 915
258 1542
258 1657
259 268
259 300
259 1213
259 1370
259 1850
260 262
260 917
260 1366
260 1434
260 1693
260 1745
261 503
261 543
261 547
261 642
261 652
261 838
261 1009
261 1183
261 1747
262 422
262 583
262 598
262 669
262 1070
262 1350
262 1394
262 1420
262 1423
262 1616
262 1756
262 1930
263 482
263 527
263 604
263 628
263 664
263 912
263 985
263 1121
263 1257
263 1321
263 1378
263 1386
263 1577
263 1699
264 344
264 514
264 761
264 796
264 1142
264 1513
264 1824
265 293
265 745
265 850
265 1781
265 1906
266 576
266 624
266 947
266 1238
266 1311
266 1787
266 1789
266 1937
267 299
267 303
267 326
267 394
267 991
267 1327
267 1494
267 1681
267 1755
267 1804
267 1917
268 612
268 928
268 1106
268 1383
268 1613
268 1908
268 1962
269 402
269 733
269 735
269 762
269 786
269 797
269 952
269 1141
269 1304
269 1631
269 1968
270 585
270 597
270 796
270 1255
270 1327
270 1493
270 1698
270 1737
271 294
271 630
271 778
271 892
271 994
271 1149
271 1203
271 1633
272 496
272 629
272 721
272 1679
273 299
273 814
273 1172
273 1191
273 1444
273 1472
273 1717
273 1823
273 1831
273 1849
274 316
274 496
274 699
274 781
274 1246
274 1359
274 1573
274 1579
274 1728
275 691
275 878
275 909
275 1213
275 1305
275 1614
275 1630
275 1835
276 313
276 693
276 695
276 978
276 1020
276 1140
276 1475
276 1488
277 325
277 379
277 598
277 1003
277 1308
277 1769
277 1869
278 735
278 812
278 893
278 1111
278 1122
278 1431
278 1531
279 380
279 466
279 959
279 1053
279 1235
279 1354
279 1399
279 1402
279 1816
279 1860
280 352
280 488
280 804
280 929
280 1711
281 303
281 508
281 910
281 1105
281 1597
281 1800
281 1872
281 1891
282 464
282 604
282 810
282 818
282 878
282 1361
282 1592
282 1819
282 1827
283 387
283 444
283 448
283 483
283 673
283 753
283 775
283 894
283 1265
283 1360
283 1882
284 1018
284 1107
284 1376
284 1430
284 1597
284 1683
284 1837
284 1927
284 1931
284 1972
285 482
285 697
285 849
285 1057
285 1438
285 1455
285 1567
285 1605
285 1674
285 1685
285 1899
285 1962
286 449
286 489
286 689
286 892
286 1266
286 1871
287 390
287 428
287 506
287 555
287 718
287 759
287 829
287 855
287 922
287 1000
287 1193
287 1248
287 1418
287 1468
287 1518
287 1893
287 1911
288 460
288 562
288 644
288 859
288 1012
288 1123
288 1156
288 1333
288 1364
288 1458
288 1861
288 2000
289 521
289 564
289 608
289 982
289 1145
289 1162
289 1439
289 1442
289 1632
289 1656
289 1695
289 1937
290 577
290 683
290 823
290 957
290 1115
290 1162
290 1198
290 1562
290 1756
290 1821
291 347
291 358
291 491
291 525
291 620
291 742
291 996
291 1182
291 1322
291 1415
291 1552
291 1762
292 303
292 628
292 1334
292 1532
292 1890
293 525
293 528
293 655
293 726
293 1063
293 1243
293 1761
293 1770
293 1946
294 423
294 445
294 502
294 661
294 1467
294 1626
294 1996
295 362
295 468
295 502
295 505
295 513
295 607
296 644
296 671
296 911
296 1317
296 1394
296 1400
296 1403
296 1433
296 1719
296 1743
296 1866
296 1981
297 382
297 499
297 1188
297 1268
297 1299
297 1357
297 1366
297 1705
298 417
298 841
298 1307
298 1328
298 1741
298 1994
299 455
299 619
299 691
299 738
299 1301
299 1386
299 1700
299 1885
300 636
300 837
300 1211
300 1262
300 1336
300 1400
300 1613
300 1717
300 1730
300 1842
300 1957
301 557
301 677
301 1107
301 1143
301 1554
301 1633
301 1712
301 1935
301 1969
302 694
302 1116
302 1137
302 1264
302 1505
302 1599
303 368
303 457
303 837
303 1303
303 1493
303 1616
303 1796
303 1837
303 1937
304 501
304 939
304 981
304 1090
304 1114
304 1189
304 1481
304 1537
304 1543
304 1668
304 1672
305 624
305 744
305 767
305 1000
305 1168
305 1487
305 1890
305 1926
306 352
306 1123
307 388
307 801
307 877
307 987
307 1175
307 1868
307 1877
308 506
308 661
308 665
308 795
308 837
308 894
308 1415
308 1576
308 1776
308 1974
309 489
309 606
309 655
309 656
309 693
309 885
309 1189
309 1513
309 1802
310 526
310 926
310 1308
310 1486
310 1600
310 1694
310 1839
310 1848
311 327
311 502
311 581
311 688
311 913
311 1194
311 1243
311 1266
311 1562
311 1838
311 1926
312 459
312 829
312 1375
312 1484
312 1526
312 1638
313 392
313 465
313 582
313 781
313 956
313 1242
313 1308
313 1442
313 1734
313 1960
314 698
314 900
314 1099
314 1344
314 1382
314 1395
314 1407
314 1532
314 1993
315 1332
315 1695
315 1763
315 1971
316 741
316 762
316 1148
316 1259
316 1344
317 720
317 782
317 862
317 1094
317 1123
317 1153
317 1266
317 1293
317 1696
318 677
318 806
318 863
318 1114
318 1215
318 1224
318 1484
318 1502
318 1598
318 1627
318 1771
318 1798
318 1857
318 1904
319 464
319 1266
319 1499
319 1795
319 1965
320 659
320 719
320 733
320 808
320 831
320 949
320 1301
320 1515
320 1765
320 1858
320 1928
321 370
321 557
321 861
321 887
321 931
321 959
321 1140
321 1223
321 1261
321 1758
321 1819
322 334
322 442
322 677
322 832
322 902
322 1709
322 1763
322 1879
323 406
323 461
323 632
323 863
323 895
323 981
323 1031
323 1091
323 1283
323 1361
323 1375
323 1555
324 503
324 546
324 556
324 684
324 759
324 914
324 1278
324 1309
324 1660
324 1711
324 1898
324 1968
325 754
325 795
325 820
325 850
325 1464
325 1562
325 1681
326 363
326 517
326 544
326 1019
326 1056
326 1086
326 1239
326 1349
326 1350
326 1643
326 1877
326 1882
326 1978
327 1429
327 1476
327 1594
327 1638
327 1669
327 1783
327 1955
327 1988
328 562
328 1209
328 1769
329 471
329 723
329 833
329 1208
329 1564
329 1879
330 444
330 542
330 573
330 587
330 912
330 1020
330 1065
330 1239
330 1290
330 1517
330 1613
330 1722
330 1745
331 395
331 514
331 928
331 939
331 1243
331 1277
331 1320
331 1479
331 1486
331 1631
331 1811
332 559
332 1161
332 1163
332 1216
332 1388
332 1418
332 1775
333 461
333 779
333 1458
333 1642
333 1699
334 373
334 727
334 857
334 1061
334 1177
334 1194
334 1228
334 1286
334 1646
334 1661
334 1962
335 524
335 525
335 615
335 1052
335 1226
335 1795
335 1992
336 986
336 1093
336 1980
337 727
337 1035
337 1185
337 1636
337 1750
338 1087
338 1238
338 1331
338 1333
338 1766
338 1823
339 400
339 439
339 605
339 658
339 761
339 812
339 918
339 1049
339 1170
339 1193
339 1455
339 1527
339 1558
339 1575
339 1684
340 623
340 1253
340 1684
340 1708
340 1739
340 1844
340 1988
341 553
341 723
341 965
341 1209
341 1433
341 1567
341 1677
341 1683
341 1690
342 810
342 1192
342 1274
342 1853
343 406
343 449
343 739
343 1376
343 1512
343 1551
343 1746
343 1843
344 658
344 797
344 905
344 1107
344 1472
344 1596
344 1807
344 1964
345 443
345 620
345 663
345 804
345 914
345 952
345 1061
345 1107
345 1408
345 1697
345 1914
346 436
346 484
346 693
346 768
346 861
346 881
346 969
346 1006
346 1648
346 1766
347 384
347 435
347 725
347 794
347 977
347 1122
347 1248
347 1654
347 1752
347 1831
348 398
348 1221
348 1275
348 1281
348 1310
348 1574
348 1747
348 1813
348 1828
348 1997
349 862
349 1113
349 1455
349 1521
349 1564
350 740
350 895
350 963
350 1031
350 1100
350 1687
350 1690
350 1759
350 1961
351 409
351 770
351 773
351 993
351 1180
351 1208
351 1534
352 485
352 623
352 737
352 1275
352 1464
352 1533
352 1770
352 1782
352 1943
353 492
353 554
353 660
353 1304
353 1718
353 1871
354 390
354 616
354 1032
354 1156
354 1370
354 1378
354 1664
354 1940
355 637
355 815
355 1187
355 1358
355 1368
355 1373
355 1783
356 446
356 544
356 549
356 691
356 934
356 1037
356 1075
356 1243
356 1320
356 1328
356 1605
356 1854
356 1965
357 448
357 452
357 604
357 784
357 884
357 937
357 948
357 1407
357 1414
357 1852
357 1924
358 872
358 1065
358 1128
358 1179
358 1598
358 1796
358 1836
358 1875
358 1905
358 1920
359 1200
359 1253
359 1376
359 1901
359 1910
360 1035
360 1178
360 1363
360 1593
360 1790
360 1903
361 826
361 1010
361 1099
361 1415
361 1469
361 1778
361 1922
362 376
362 1077
362 1179
362 1267
362 1589
362 1700
362 1747
362 1840
363 407
363 900
363 1086
363 1168
363 1184
363 1277
364 529
364 544
364 863
364 916
364 1058
364 1149
364 1247
364 1356
364 1538
364 1837
364 1839
364 1913
365 415
365 1053
365 1377
365 1681
365 1800
365 1889
366 472
366 1208
366 1228
366 1595
366 1800
366 1984
367 682
367 812
367 1139
367 1321
368 547
368 580
368 940
368 950
368 1560
368 1602
368 1636
368 1747
368 1894
369 504
369 640
369 704
369 757
369 806
369 845
369 1207
369 1367
369 1573
369 1624
370 588
370 654
370 755
370 1136
370 1142
370 1267
370 1312
370 1327
370 1931
371 522
371 614
371 987
371 1168
371 1440
371 1908
372 464
372 1024
372 1176
372 1189
372 1821
372 1843
372 1921
373 716
373 944
373 955
373 1283
373 1618
373 1656
374 449
374 847
374 1128
374 1322
374 1326
374 1550
374 1648
374 1920
374 1970
375 702
375 851
375 904
375 1193
375 1394
375 1406
375 1460
375 1574
375 1682
376 428
376 655
376 812
376 1222
376 1463
377 411
377 639
377 909
377 933
377 939
377 1168
377 1231
377 1232
377 1353
377 1426
377 1479
377 1563
378 413
378 652
378 700
378 807
378 818
378 837
378 844
378 917
378 1183
378 1240
378 1421
379 481
379 637
379 959
379 1203
379 1228
379 1282
379 1720
379 1994
380 632
380 702
380 781
380 1158
380 1669
380 1678
380 1775
381 1180
381 1340
381 1390
381 1396
382 424
382 441
382 665
382 817
382 1065
383 641
383 673
383 829
383 882
383 987
383 993
383 1094
383 1437
383 1497
384 582
384 606
384 679
384 746
384 797
384 1059
384 1297
384 1714
384 1949
385 396
385 931
385 985
385 1022
385 1364
385 1750
385 1792
385 1862
385 1940
386 587
386 709
386 840
386 964
386 1269
386 1821
386 1885
387 855
387 857
387 1308
387 1396
387 1542
387 1584
387 1663
387 1805
387 1808
387 1901
388 507
388 1086
388 1251
388 1354
388 1700
389 392
389 608
389 750
389 789
389 914
389 960
389 1008
389 1095
389 1108
389 1343
389 1823
390 414
390 464
390 655
390 732
390 1042
390 1357
390 1364
390 1425
390 1557
390 1572
390 1669
390 1746
390 1779
391 408
391 441
391 791
391 1075
391 1695
392 564
392 769
392 781
392 873
392 1761
392 1852
393 484
393 711
393 721
393 789
393 1176
393 1280
393 1342
393 1571
394 493
394 517
394 697
394 872
394 882
394 907
394 1062
394 1122
394 1124
394 1212
394 1311
394 1686
394 1794
394 1846
395 590
395 951
395 963
395 1202
395 1976
396 455
396 577
396 785
396 862
396 863
396 1052
396 1123
396 1280
396 1658
396 1718
397 479
397 816
397 858
397 1140
397 1148
397 1390
397 1417
397 1571
397 1911
398 613
398 618
398 1675
398 1986
399 602
399 732
399 850
399 1537
399 1585
399 1790
400 1548
400 1572
400 1639
400 1811
400 1872
401 415
401 928
401 1004
401 1193
402 409
402 521
402 620
402 763
402 1193
402 1341
402 1631
402 1641
402 1741
403 694
403 790
403 982
403 1105
403 1365
403 1482
403 1489
403 1921
404 673
404 825
404 931
404 1185
404 1247
404 1339
404 1342
404 1894
404 1973
405 687
405 733
405 804
405 1249
405 1263
405 1466
406 700
406 1003
406 1006
406 1106
406 1488
406 1512
406 1820
406 1900
407 728
407 752
407 817
407 884
407 925
407 958
407 1183
407 1343
407 1676
407 1986
408 418
408 521
408 611
408 629
408 936
408 1171
408 1692
408 1765
408 1841
408 1881
408 1922
408 1939
409 496
409 511
409 551
409 863
409 1016
409 1053
409 1185
409 1407
409 1871
409 1897
410 489
410 550
410 673
410 710
410 905
410 942
410 997
410 1025
410 1309
410 1625
410 1710
410 1785
410 1864
410 1885
411 472
411 497
411 646
411 766
411 1268
411 1572
411 1577
411 1772
411 1851
412 983
412 1005
412 1233
412 1714
413 479
413 526
413 715
413 1049
413 1206
414 818
414 820
414 827
414 1196
414 1252
414 1293
414 1353
414 1388
414 1460
415 422
415 500
415 1040
415 1098
415 1330
415 1642
416 484
416 524
416 604
416 1132
416 1166
416 1394
416 1503
416 1591
416 1596
416 1753
416 1997
417 451
417 497
417 1335
417 1603
417 1731
417 1877
417 1926
417 1978
418 438
418 775
418 780
418 850
418 1168
418 1388
418 1395
418 1504
418 1512
418 1661
418 1794
418 1926
419 454
419 610
419 690
419 798
419 860
419 1005
419 1023
419 1194
419 1241
419 1349
419 1471
419 1496
419 1564
419 1908
419 1925
420 674
420 771
420 902
420 958
420 1094
420 1776
420 1799
421 757
421 1313
421 1335
421 1781
421 1934
421 2000
422 435
422 441
422 586
422 883
422 1047
422 1328
422 1524
422 1556
422 1562
422 1620
422 1822
422 1836
422 1914
423 531
423 590
423 645
423 797
423 952
423 1050
423 1306
423 1919
424 674
424 1716
425 464
425 476
425 485
425 608
425 711
425 853
425 1580
425 1751
425 1819
425 1964
425 1977
426 478
426 941
426 1167
426 1809
426 1910
427 697
427 869
427 899
427 1007
427 1058
427 1331
427 1442
427 1451
427 1712
427 1991
428 999
428 1619
428 1790
428 1911
429 591
429 664
429 665
429 734
429 1481
429 1906
430 463
430 531
430 570
430 719
430 996
430 1107
430 1540
430 1756
430 1758
430 1834
431 581
431 864
431 1182
431 1206
431 1458
432 1075
432 1248
432 1251
432 1406
432 1468
432 1494
432 1542
432 1575
432 1633
432 1685
432 1824
432 1881
432 1959
433 1408
433 1636
433 1718
433 1729
433 1939
434 501
434 567
434 861
434 1316
434 1354
434 1356
434 1508
434 1516
435 616
435 891
435 1397
435 1463
435 1542
435 1577
435 1868
436 455
436 1087
436 1314
436 1379
436 1480
436 1752
436 1977
437 569
437 572
437 1009
437 1010
437 1088
437 1179
437 1358
438 649
438 710
438 776
438 994
438 1103
438 1156
438 1760
439 522
439 812
439 850
439 904
439 991
439 1033
439 1034
439 1082
439 1487
439 1648
439 1690
440 619
440 882
440 910
440 921
440 1000
440 1637
441 750
441 805
441 1878
441 1916
442 549
442 588
442 742
442 1159
442 1241
442 1289
442 1407
443 522
443 839
443 1205
444 532
444 685
444 926
444 1024
444 1425
445 1000
445 1178
445 1289
445 1386
445 1412
445 1808
446 933
446 950
446 1413
446 1488
446 1772
447 788
447 822
447 918
447 937
447 1142
447 1176
447 1286
447 1703
447 1893
448 499
448 551
448 763
448 997
448 1684
448 1692
448 1705
448 1815
449 957
449 1307
449 1566
449 1644
449 1682
450 814
450 1231
450 1255
450 1474
450 1629
450 1891
451 498
451 595
451 783
451 1048
451 1209
451 1362
451 1875
452 552
452 666
452 946
452 1188
452 1384
452 1509
452 1833
453 483
453 655
453 920
453 1149
453 1169
453 1452
453 1579
454 560
454 1239
454 1487
454 1548
454 1704
455 736
455 784
455 1453
455 1976
456 622
456 1147
456 1243
456 1368
456 1498
456 1722
456 1985
457 490
457 686
457 741
457 1000
457 1129
457 1168
457 1239
457 1716
458 513
458 987
458 1031
458 1136
458 1450
458 1484
458 1562
458 1649
458 1859
459 875
459 1256
459 1265
459 1298
459 1304
460 568
460 593
460 671
461 563
461 842
461 1048
461 1187
461 1218
461 1419
461 1531
461 1606
461 1691
462 1117
462 1324
462 1537
462 1733
462 1756
463 764
463 930
463 1038
463 1043
463 1111
463 1579
463 1821
464 623
464 1030
464 1206
464 1464
464 1581
464 1675
464 1807
464 1853
465 472
465 490
465 545
465 943
465 1018
465 1603
465 1988
466 700
466 878
466 881
466 916
466 1165
466 1266
466 1284
466 1413
466 1458
466 1593
466 1830
466 1982
467 555
467 789
467 937
467 968
467 1360
467 1394
467 1402
467 1688
467 1769
467 1946
467 1961
468 489
468 958
468 1076
468 1277
468 1417
468 1441
468 1486
468 1641
468 1646
469 909
469 1217
469 1804
470 537
470 863
470 930
470 1090
470 1498
470 1546
471 546
471 981
471 982
471 1008
471 1037
471 1106
471 1175
471 1272
471 1422
471 1511
471 1524
471 1637
472 600
472 895
472 920
472 1008
472 1268
472 1278
472 1364
472 1424
472 1493
472 1543
473 730
473 824
473 949
473 993
473 1047
473 1202
473 1260
473 1377
473 1626
473 1692
473 1764
473 1940
474 512
474 611
474 902
474 945
474 1214
474 1531
474 1686
474 1712
474 1746
475 532
475 823
475 952
475 1320
475 1423
475 1481
475 1633
475 1680
475 1703
475 1909
475 1995
476 481
476 825
476 1099
476 1350
476 1361
476 1451
476 1576
477 553
477 557
477 727
477 747
477 977
477 1023
477 1169
477 1223
477 1512
477 1528
477 1557
477 1715
478 484
478 773
478 806
478 1109
478 1198
478 1249
478 1269
478 1519
478 1541
478 1543
478 1762
478 1946
479 850
479 1162
479 1332
479 1339
479 1584
479 1597
479 1725
479 1768
479 1790
480 896
480 938
480 1262
480 1281
480 1381
480 1431
480 1635
480 1781
480 1798
480 1885
481 1026
481 1561
482 680
482 931
482 1090
482 1143
482 1177
482 1375
482 1413
482 1611
482 1759
482 1845
483 995
483 997
483 1256
483 1362
483 1615
483 1627
483 1667
483 1751
483 1779
484 485
484 608
484 1293
484 1504
484 1652
484 1890
485 492
485 583
485 645
485 791
485 806
485 992
485 1181
485 1499
485 1550
485 1567
485 1778
485 1793
486 717
486 762
486 845
486 1139
486 1342
487 990
487 1085
487 1735
487 1959
488 877
488 917
488 1055
488 1497
488 1861
489 803
489 821
489 991
489 1173
489 1536
489 1723
489 1754
489 1895
489 1906
489 1952
490 659
490 661
490 801
490 930
490 965
490 1151
490 1172
490 1179
490 1285
490 1623
491 546
491 587
491 642
491 988
491 1264
491 1521
491 1569
491 1661
491 1912
492 593
492 1388
492 1759
492 1899
492 1928
492 1978
493 751
493 808
493 825
493 1178
493 1382
493 1491
493 1514
493 1784
493 1920
493 1937
493 1969
494 714
494 807
494 1023
494 1035
494 1287
494 1548
494 1769
495 732
495 778
495 793
495 901
495 928
495 1001
495 1031
495 1047
495 1057
495 1450
495 1576
495 1940
496 510
496 520
496 588
496 620
496 1015
496 1150
496 1179
496 1718
496 1816
497 503
497 664
497 797
497 885
497 1114
497 1371
497 1496
497 1620
498 535
498 820
498 1432
498 1728
498 1912
499 800
499 902
499 1260
499 1373
499 1497
499 1785
500 592
500 778
500 819
500 927
500 1330
500 1348
500 1799
501 541
501 551
501 730
501 851
501 853
501 1000
501 1227
501 1338
501 1423
501 1737
502 609
502 727
502 1024
502 1045
502 1195
502 1352
502 1688
502 1716
502 1744
502 1870
502 1964
503 733
503 743
503 947
503 1001
503 1133
503 1141
503 1176
503 1235
503 1367
503 1431
503 1574
503 1596
503 1723
503 1783
503 1825
503 1890
504 662
504 678
504 948
504 984
504 1569
504 1670
504 1680
504 1956
505 1182
505 1228
505 1260
505 1396
505 1443
506 553
506 834
506 1008
506 1262
506 1657
506 1873
507 629
507 1270
508 593
508 715
508 1895
509 802
509 895
509 1527
509 1871
509 1886
510 595
510 609
510 709
510 883
510 1324
510 1404
510 1482
511 584
511 680
511 861
511 1081
511 1307
511 1359
511 1438
511 1973
511 1982
511 1983
512 637
512 1096
512 1316
512 1389
512 1399
512 1646
512 1680
512 1860
512 1948
513 651
513 888
513 910
513 1129
513 1237
513 1323
513 1473
513 1485
513 1929
513 1977
514 769
514 1107
514 1795
515 936
515 980
515 1069
515 1201
515 1588
516 692
516 755
516 853
516 890
516 968
516 976
516 1409
516 1555
516 1797
517 660
517 1153
517 1441
517 1515
517 1567
517 1785
517 1821
517 1919
517 1946
517 1987
518 572
518 599
518 621
518 725
518 828
518 850
518 902
518 1835
519 583
519 923
519 1470
519 1587
519 1653
519 1688
519 1736
519 1749
519 1833
520 549
520 867
520 1020
520 1418
521 764
521 889
521 1122
521 1224
521 1403
521 1746
521 1823
522 587
522 693
522 1201
522 1245
522 1934
523 563
523 910
523 1029
523 1077
523 1344
523 1432
523 1751
523 1775
523 1801
523 1863
524 1190
524 1207
524 1249
524 1295
524 1512
525 1250
525 1553
525 1586
525 1600
525 1718
525 1800
526 977
526 1302
526 1517
526 1802
527 543
527 590
527 653
527 774
527 840
527 1016
527 1382
527 1885
527 1898
528 663
528 952
528 964
528 1261
528 1387
528 1766
528 1771
528 1981
529 886
529 1003
529 1789
529 1815
530 922
530 1141
530 1213
530 1876
530 1887
530 1923
531 910
531 1166
531 1202
531 1613
531 1660
531 1693
531 1763
531 1869
531 1979
532 583
532 770
532 807
532 881
532 1108
532 1270
532 1768
533 567
533 781
533 1104
533 1228
533 1644
533 1660
533 1832
533 1898
534 1018
534 1110
534 1335
534 1682
534 1874
534 1876
535 592
535 683
535 699
535 875
535 900
535 961
535 1017
535 1091
535 1421
535 1475
535 1578
535 1622
535 1861
535 1871
536 615
536 768
536 1288
536 1689
536 1828
537 641
537 666
537 678
537 740
537 865
537 1377
537 1488
537 1512
538 1642
538 1865
538 1914
538 1925
538 1958
539 756
539 1228
539 1687
539 1745
539 1899
540 561
540 997
540 1005
540 1209
540 1278
540 1341
540 1419
540 1602
540 1917
540 1997
541 558
541 1072
541 1339
541 1372
541 1485
541 1513
542 588
542 823
542 967
542 990
542 1116
542 1229
542 1752
542 1787
542 1964
543 562
543 853
543 1635
543 1716
543 1834
544 893
544 955
545 648
545 657
545 713
545 1919
546 618
546 717
546 851
546 1144
546 1513
546 1782
547 618
547 651
547 739
547 833
547 972
547 1000
547 1095
547 1097
547 1118
547 1127
547 1225
547 1614
547 1745
547 1754
548 606
548 776
548 830
548 1097
548 1319
548 1567
548 1721
548 1731
548 1899
548 1986
549 953
549 1139
549 1541
549 1651
550 788
550 849
550 1256
550 1577
550 1710
550 1892
551 752
551 807
551 814
551 948
551 1341
551 1514
551 1607
551 1672
551 1766
551 1805
552 665
552 1192
552 1334
552 1426
553 582
553 824
553 1032
553 1058
553 1063
553 1380
554 698
554 711
554 1000
554 1014
554 1142
554 1165
554 1741
554 1954
554 1993
555 729
555 933
555 959
555 1460
555 1535
555 1938
555 1990
556 696
556 1165
556 1305
556 1570
556 1761
557 1092
557 1130
557 1236
557 1258
557 1605
557 1662
557 1905
558 998
558 1158
558 1294
558 1299
558 1995
559 689
559 1140
559 1256
559 1593
559 1766
559 1919
560 566
560 598
560 733
560 734
560 1000
560 1262
560 1295
560 1872
561 1140
561 1351
561 1519
561 1994
562 618
562 659
562 760
562 1009
562 1106
562 2000
563 737
563 1026
564 859
564 1262
564 1295
564 1316
564 1606
564 1843
564 1844
564 1846
565 650
565 1089
565 1447
565 1819
566 711
566 748
566 799
566 921
566 930
566 1071
566 1418
566 1462
566 1621
566 1879
566 1887
566 1967
567 1099
567 1199
567 1622
567 1824
567 1839
567 1888
568 769
568 896
568 897
568 1024
568 1065
568 1183
568 1581
568 1703
568 1895
569 926
569 1281
569 1477
569 1639
570 612
570 1136
570 1596
570 1730
570 1784
571 716
571 1396
571 1940
571 1960
572 647
572 893
572 975
572 1310
572 1460
572 1546
572 1622
572 1642
572 1817
573 676
573 707
573 721
573 820
573 1023
573 1102
573 1189
573 1204
573 1399
573 1508
574 616
574 1104
574 1112
574 1506
574 1520
574 1726
575 1268
575 1384
575 1478
576 957
576 1257
576 1307
576 1634
576 1734
576 1738
576 1774
576 1812
576 1904
576 1942
576 1994
577 685
577 736
577 824
577 926
577 979
577 1561
577 1859
577 1943
578 809
578 964
578 1223
578 1246
578 1338
578 1666
578 1671
578 1974
579 780
579 798
579 1070
579 1095
579 1143
579 1283
579 1301
579 1766
579 1881
580 654
580 1324
580 1412
580 1528
580 1530
580 1591
580 1775
581 885
581 1408
581 1528
581 1732
581 1822
581 1991
582 640
582 750
582 881
582 909
582 1137
582 1242
582 1286
582 1655
582 1812
582 1849
582 1890
582 1973
583 661
583 712
583 1076
583 1238
583 1322
583 1412
583 1715
583 1898
584 1204
584 1285
584 1446
584 1584
584 1747
584 1855
584 1983
585 748
585 843
585 1328
585 1557
585 1828
586 611
586 1232
586 1967
587 790
587 815
587 829
587 904
587 1033
587 1034
587 1410
587 1642
587 1921
587 1995
588 778
588 1190
588 1301
588 1356
588 1377
588 1740
588 1817
589 613
589 805
589 1059
589 1170
589 1197
589 1282
589 1368
589 1504
589 1695
590 794
590 941
590 1530
590 1553
590 1779
591 896
591 941
591 1796
592 939
592 947
592 1220
592 1243
592 1254
592 1287
592 1463
592 1522
592 1733
592 1908
593 675
593 863
593 1031
593 1481
593 1902
594 712
594 762
594 1061
594 1069
594 1311
594 1365
594 1503
594 1537
594 1796
595 630
595 664
595 728
595 794
595 1203
595 1975
595 1992
596 827
596 843
596 932
596 991
596 1117
596 1150
596 1482
596 1629
596 1671
596 1683
597 642
597 885
597 1066
597 1343
597 1965
598 1152
598 1384
598 1513
598 1699
598 1701
598 1951
598 1957
599 632
599 888
599 1002
599 1451
599 1676
599 1717
599 1798
600 735
600 747
600 876
600 1132
600 1164
600 1193
600 1311
600 1386
600 1552
600 1573
600 1804
601 1072
601 1427
601 1498
601 1590
601 1653
601 1964
602 871
602 872
602 1090
602 1708
602 1918
603 824
603 880
603 1044
603 1218
603 1633
603 1723
603 1886
604 815
604 911
604 1070
604 1431
604 1467
604 1472
604 1724
604 1858
604 1877
605 676
605 795
605 1083
605 1149
605 1179
605 1235
605 1243
605 1550
605 1839
606 705
606 1036
606 1302
606 1413
606 1461
607 780
607 1783
608 648
608 1053
608 1094
608 1330
608 1377
608 1600
608 1842
608 1996
609 771
609 783
609 1237
609 1350
609 1553
610 778
610 920
610 1589
610 1721
610 1806
610 1874
610 1936
611 1003
611 1919
612 632
612 812
612 1174
612 1296
612 1614
612 1628
613 633
613 717
613 734
613 877
613 959
613 986
613 1032
613 1540
613 1598
614 794
614 802
614 1235
614 1715
614 1803
615 771
615 953
615 1034
615 1080
615 1191
615 1208
615 1340
615 1707
615 1775
615 1795
615 1958
616 774
616 1008
616 1069
616 1453
616 1464
616 1555
616 1699
616 1731
616 1814
616 1998
617 644
617 686
617 768
617 865
617 897
617 952
617 1074
617 1094
617 1112
617 1873
617 1880
618 926
618 1128
618 1267
618 1686
618 1987
619 774
619 1010
619 1311
619 1326
619 1480
619 1520
619 1731
619 1902
619 1906
620 878
620 884
620 931
620 1092
620 1600
620 1624
621 801
621 849
621 850
621 1001
621 1206
621 1275
621 1341
621 1464
621 1565
621 1609
621 1621
621 1719
621 1748
622 643
622 692
622 784
622 845
622 963
622 1121
622 1181
622 1298
622 1435
622 1556
622 1589
622 1824
622 1850
622 1866
622 1872
623 915
623 1054
623 1354
623 1590
623 1669
623 1959
623 1962
624 786
624 1581
624 1742
625 634
625 872
625 947
625 998
625 1173
625 1255
625 1407
625 1454
625 1824
626 810
626 1290
626 1347
626 1833
627 928
627 970
627 1143
627 1212
627 1490
627 1532
627 1953
628 803
628 1123
628 1475
628 1543
629 1066
629 1182
629 1275
629 1291
629 1352
629 1570
629 1741
629 1754
629 1807
629 1974
630 869
630 1043
630 1274
630 1385
630 1396
630 1418
631 951
631 1195
631 1235
631 1576
631 1810
632 1429
632 1868
632 1927
633 836
633 977
633 1328
633 1351
633 1502
633 1798
633 1843
633 1996
634 1109
634 1465
634 1691
634 1794
634 1932
634 1982
635 636
635 1244
635 1370
635 1462
635 1814
636 911
636 961
636 980
636 1047
636 1305
636 1716
636 1838
637 645
637 1057
637 1221
637 1247
637 1387
637 1569
637 1606
637 1610
637 1682
637 1758
638 648
638 651
638 662
638 836
638 935
638 1540
638 1676
639 665
639 720
639 816
639 1001
639 1033
639 1069
639 1152
639 1202
639 1436
639 1534
639 1573
639 1920
640 794
640 1485
640 1488
640 1813
641 664
641 755
641 916
641 1031
641 1412
641 1435
641 1675
641 1679
641 1785
641 1862
641 1939
641 1990
641 1998
642 676
642 875
642 1136
642 1375
642 1464
642 1798
643 883
643 933
643 1019
643 1143
643 1217
643 1257
643 1284
643 1309
643 1427
643 1768
644 720
644 735
644 1069
644 1287
644 1537
644 1890
645 684
645 1772
646 1215
646 1290
646 1510
646 1905
647 738
647 1341
647 1559
647 1669
648 839
648 880
648 1007
648 1156
648 1655
648 1747
648 1777
648 1890
649 714
649 798
649 820
649 1487
649 1743
650 952
650 971
650 995
650 1256
650 1543
650 1926
651 816
651 1141
651 1485
651 1525
651 1552
651 1616
652 930
652 1268
652 1447
652 1461
652 1614
652 1638
652 1649
652 1755
652 1859
653 1054
653 1241
653 1449
653 1596
654 661
654 692
654 1010
654 1324
654 1479
654 1704
654 1719
654 1914
655 677
655 1175
655 1235
655 1462
655 1478
655 1695
656 811
656 1193
656 1412
656 1755
656 1822
657 878
657 1055
657 1067
657 1092
657 1310
657 1313
657 1407
657 1432
657 1503
658 679
658 706
658 754
658 1142
658 1396
658 1475
659 747
659 975
659 977
659 1131
659 1148
659 1354
659 1566
659 1600
659 1638
660 684
660 880
660 1028
660 1516
660 1543
660 1706
660 1828
660 1978
661 764
661 1319
661 1413
661 1914
661 1971
662 771
662 899
662 1212
662 1266
662 1297
663 925
663 962
663 1450
663 1839
663 1906
664 679
664 1088
664 1225
664 1676
664 1765
665 867
665 956
665 1069
665 1361
665 1935
665 1939
665 1952
666 992
666 1377
666 1421
666 1847
667 696
667 771
667 1120
667 1458
667 1494
667 1671
668 726
668 1243
668 1256
668 1498
668 1516
668 1817
668 1894
669 702
669 817
669 1198
669 1769
670 754
670 837
670 968
670 1044
670 1424
671 728
671 826
671 919
671 1182
671 1374
671 1491
671 1781
672 824
672 843
672 864
672 985
672 1673
672 1846
673 1034
673 1191
673 1706
673 1722
673 1755
673 1944
674 1087
674 1337
674 1715
674 1781
674 1871
675 874
675 1021
675 1068
675 1204
675 1260
675 1481
675 1586
676 733
676 1005
676 1936
677 712
677 798
677 1440
677 1464
677 1754
677 1763
677 1817
677 1906
678 1015
678 1095
678 1308
678 1398
678 1503
678 1507
678 1716
678 1744
679 721
679 751
679 834
679 915
679 1004
679 1263
679 1521
679 1782
679 1868
680 708
680 821
680 1323
680 1479
680 1494
680 1563
680 1775
680 1828
680 1971
681 996
681 1492
681 1565
681 1659
682 826
682 1071
682 1089
682 1152
682 1187
682 1195
682 1287
682 1316
682 1534
682 1634
682 1656
682 1887
682 1896
682 1912
682 1940
683 991
683 1042
683 1169
683 1353
683 1560
683 1862
683 1933
684 825
684 909
684 979
684 982
684 986
684 1071
684 1161
684 1231
684 1533
684 1703
684 1742
684 1938
684 1997
685 1500
685 1541
685 1629
686 1272
686 1297
686 1393
686 1403
686 1647
686 1803
687 1004
687 1005
687 1262
687 1348
687 1458
687 1471
687 1654
688 1190
688 1277
688 1656
688 1902
689 703
689 1522
689 1802
689 1943
690 805
690 814
690 888
690 942
690 1241
690 1377
690 1860
691 1003
691 1197
691 1483
691 1663
691 1808
692 774
692 956
692 1951
693 724
693 898
693 1209
693 1309
693 1897
693 1981
694 703
694 977
694 1097
694 1106
694 1364
694 1476
694 1787
694 1940
695 738
695 888
695 1102
695 1103
695 1152
695 1518
695 1689
695 1962
696 706
696 728
696 938
696 1057
696 1430
696 1493
696 1519
696 1590
696 1684
696 1744
696 1847
697 891
697 1153
697 1224
697 1549
697 1786
698 1551
699 769
699 1212
699 1681
699 1763
699 1799
700 932
700 1021
700 1036
700 1146
700 1502
700 1608
700 1714
700 1729
700 1931
701 891
701 1055
701 1115
701 1539
701 1710
701 1790
702 1122
702 1240
702 1314
702 1577
702 1670
703 710
703 760
703 776
703 1297
703 1652
703 1692
703 1765
703 1769
703 1792
704 1036
704 1146
704 1457
704 1651
704 1759
704 1848
705 795
705 824
705 1219
705 1569
706 1093
706 1169
706 1619
706 1896
707 848
707 1054
707 1079
707 1126
707 1232
707 1427
707 1532
707 1579
707 1628
707 1745
707 1913
708 793
708 1005
708 1041
708 1159
708 1274
708 1760
708 1942
708 1980
709 815
709 887
709 938
709 1082
709 1557
709 1574
709 1653
709 1903
710 724
710 834
710 953
710 1262
710 1367
710 1531
711 730
711 755
711 1051
711 1240
711 1314
711 1425
712 799
712 842
712 1130
712 1225
712 1277
712 1409
712 1758
713 1184
713 1205
713 1357
713 1513
713 1561
713 1610
713 1674
713 1748
713 1877
714 787
714 841
714 884
714 973
714 992
714 1079
714 1116
714 1324
714 1386
714 1467
714 1470
714 1860
714 1917
714 1983
715 751
715 947
715 1051
715 1081
715 1203
715 1309
715 1323
715 1436
715 1572
716 791
716 897
716 1130
716 1622
716 1711
717 894
717 1134
717 1320
717 1339
717 1401
717 1499
717 1546
717 1685
717 1791
718 734
718 776
718 902
718 1011
718 1285
719 1218
719 1301
719 1477
719 1484
720 1020
720 1044
720 1088
720 1123
720 1131
720 1706
721 944
721 1086
721 1140
721 1144
721 1220
721 1228
721 1467
721 1822
721 1925
721 1975
722 1088
722 1102
723 731
723 882
723 894
723 1440
723 1773
723 1814
723 1934
724 920
724 1008
724 1107
724 1487
724 1591
724 1728
724 1850
725 779
725 1235
725 1286
725 1295
725 1535
725 1758
726 783
726 1197
726 1324
726 1346
726 1662
726 1786
726 1866
727 810
727 1128
727 1137
727 1257
727 1295
727 1332
727 1378
727 1486
727 1685
728 885
728 1276
728 1453
728 1796
728 1811
728 1909
729 961
729 1022
729 1412
729 1440
729 1919
730 1161
730 1441
730 1462
730 1719
730 1995
731 1321
731 1570
732 755
733 1029
733 1144
733 1282
733 1438
733 1471
733 1521
733 1911
735 789
735 793
735 925
735 1156
735 1371
735 1433
735 1618
735 1705
735 1823
735 1994
736 1378
736 1786
736 1853
736 1860
736 1993
737 776
737 953
737 1202
737 1359
737 1537
737 1633
737 1785
737 1833
737 1867
737 1912
737 1992
738 793
738 797
738 817
738 958
738 1236
738 1299
738 1343
738 1508
739 1227
739 1266
739 1314
739 1364
739 1586
739 1618
739 1728
739 1743
740 1005
740 1185
740 1203
740 1309
740 1465
740 1598
740 1720
740 1869
740 1882
740 1884
741 1117
741 1340
741 1559
741 1930
742 763
742 912
742 1209
742 1306
742 1545
742 1741
743 842
743 954
743 997
743 1067
743 1271
743 1755
743 1984
743 1987
744 962
744 1303
744 1366
744 1679
745 802
745 945
745 952
745 1142
745 1163
745 1935
745 1993
746 818
746 1381
746 1548
746 1757
746 1907
746 1935
746 1985
747 982
747 1306
747 1426
747 1427
747 1443
747 1478
747 1487
747 1770
748 940
748 1158
748 1447
748 1485
748 1505
748 1913
749 831
749 1074
749 1637
749 1949
750 981
750 992
750 1156
750 1386
750 1416
750 1582
750 1912
750 1964
750 1998
751 1052
751 1749
752 1359
752 1664
752 1702
752 1755
752 1989
753 800
753 1403
753 1599
753 1774
754 816
754 967
754 1076
754 1303
754 1500
754 1516
754 1625
755 890
755 894
755 1136
755 1235
755 1695
755 1814
756 1148
756 1290
756 1348
756 1496
757 950
757 1015
757 1234
757 1311
757 1791
757 1793
757 1896
757 1910
758 1032
758 1045
758 1098
758 1383
758 1434
758 1641
758 1679
758 1823
759 951
759 1224
759 1379
760 773
760 1324
760 1599
760 1717
760 1817
761 775
761 1039
761 1150
761 1534
761 1931
762 1207
762 1335
762 1336
762 1553
762 1579
762 1604
762 1816
762 1838
762 1879
763 944
763 991
763 1031
763 1369
763 1499
763 1564
763 1725
763 1981
764 851
764 893
764 1070
764 1226
764 1529
764 1743
765 775
765 941
765 1043
765 1165
765 1373
765 1805
766 1017
766 1176
766 1254
766 1442
766 1558
766 1773
767 1182
767 1242
767 1521
767 1594
767 1801
767 1864
767 1913
767 1945
768 777
768 808
768 1048
768 1138
768 1298
768 1413
768 1509
768 1680
768 1870
769 850
769 1179
769 1345
769 1391
769 1577
769 1600
770 860
770 1455
770 1530
770 1673
770 1920
771 1084
771 1167
771 1499
771 1687
771 1757
771 1948
772 1186
772 1493
772 1514
772 1806
773 842
773 1006
773 1804
773 1841
773 1874
774 781
774 948
774 1113
774 1322
774 1764
774 1881
775 1035
775 1159
775 1427
775 1539
775 1751
775 1790
776 864
776 897
776 994
776 1023
776 1098
776 1224
776 1457
776 1685
776 1805
776 1819
776 1876
777 1015
777 1310
777 1492
777 1652
777 1661
777 1673
777 1752
778 822
778 1080
778 1158
778 1270
779 788
779 1205
779 1468
779 1592
779 1709
780 1704
780 1763
781 974
781 1022
781 1127
781 1423
781 1581
781 1634
781 1825
781 1949
781 1976
782 796
782 1540
782 1879
783 815
783 852
783 1095
783 1123
783 1535
783 1597
784 881
784 1459
785 1181
785 1322
785 1432
785 1438
785 1465
785 1613
785 1682
786 1147
786 1527
786 1537
786 1936
787 890
787 918
787 956
787 1043
787 1099
787 1238
787 1507
787 1641
787 1912
788 877
788 1846
788 1906
788 1937
789 873
789 934
789 1141
789 1241
789 1658
789 1689
789 1933
790 812
790 832
790 1263
790 1359
790 1380
790 1422
790 1472
790 1912
791 867
791 891
791 1063
791 1724
792 1403
792 1935
792 1948
793 807
793 1063
793 1096
793 1293
793 1520
793 1548
793 1683
793 1914
793 1925
794 1297
794 1407
794 1429
794 1662
794 1851
795 1502
795 1545
795 1723
795 1865
796 885
796 1151
796 1453
796 1681
797 822
797 1176
797 1324
797 1352
797 1746
798 869
798 964
798 1033
798 1169
798 1237
799 1013
799 1016
799 1089
799 1191
799 1208
799 1383
799 1418
799 1862
800 1146
801 813
801 826
801 1060
801 1415
801 1484
801 1676
801 1935
801 1989
802 836
802 846
802 925
802 1002
802 1210
802 1266
802 1773
803 1271
803 1753
804 940
804 1043
804 1648
804 1857
804 1924
805 942
805 996
805 1012
805 1338
805 1509
805 1535
805 1900
806 813
806 833
806 1079
806 1096
807 928
807 1045
807 1084
807 1253
807 1640
807 1727
807 1872
808 813
808 962
808 1167
808 1183
808 1688
809 852
809 855
809 959
809 1119
809 1276
809 1578
809 1701
810 1046
810 1135
810 1144
810 1162
810 1290
810 1334
810 1529
810 1835
810 1865
811 901
811 1047
811 1399
811 1435
811 1532
811 1635
811 1662
812 990
812 1134
812 1195
812 1224
812 1286
812 1417
812 1429
812 1506
812 1622
812 1650
812 1836
813 859
813 1313
813 1327
813 1548
813 1818
813 1904
814 988
814 1418
814 1619
814 1646
814 1744
814 1801
814 1826
814 1864
814 1885
815 1030
815 1089
815 1282
815 1594
815 1659
815 1808
816 1456
816 1711
816 1932
816 1947
817 1225
817 1611
817 1792
817 1824
817 1892
817 1932
817 1938
818 858
818 888
818 1361
818 1560
818 1617
818 1963
819 984
819 1039
819 1235
819 1266
819 1493
819 1530
819 1576
819 1944
820 1073
820 1109
820 1870
821 1260
821 1263
821 1759
821 1770
821 1802
822 1221
822 1479
822 1519
822 1545
822 1622
823 1283
823 1312
823 1383
823 1398
824 868
824 879
824 1009
824 1504
824 1570
824 1625
824 1879
824 1943
824 1972
825 854
825 884
825 1164
825 1231
825 1445
826 990
826 1814
826 1859
827 963
827 966
827 1136
827 1308
827 1318
827 1467
827 1705
827 1718
827 1915
827 1937
828 1750
828 1900
828 1915
829 1172
829 1550
829 1596
829 1657
829 1707
829 1712
829 1713
829 1715
829 1753
829 1791
829 1870
830 1161
830 1620
831 870
831 899
831 991
831 1208
831 1412
831 1889
832 1188
832 1298
832 1420
832 1580
832 1667
832 1715
832 1950
833 1091
833 1624
833 2000
834 1026
834 1141
834 1234
834 1432
834 1455
834 1639
835 1229
835 1430
836 861
836 914
836 1160
836 1442
836 1453
836 1485
836 1686
836 1813
837 1001
837 1112
837 1159
837 1233
837 1309
837 1630
837 1835
838 845
838 890
838 1114
838 1120
838 1245
838 1248
838 1272
838 1469
838 1855
839 847
839 1190
839 1494
839 1885
839 1973
840 1252
840 1505
840 1758
840 1822
840 1994
841 1239
841 1478
841 1834
841 1942
842 892
842 1755
842 1769
843 1103
843 1318
843 1371
843 1401
843 1504
843 1557
843 1682
844 1005
844 1475
844 1484
844 1512
844 1604
844 1693
844 1887
845 1049
845 1475
845 1514
845 1586
845 1659
845 1917
846 959
846 1282
846 1297
846 1362
846 1532
846 1662
846 1833
847 861
847 939
847 1084
847 1588
847 1883
848 947
848 1913
849 1779
849 1878
849 1922
849 1971
850 926
850 1322
850 1470
850 1479
850 1618
850 1862
851 1405
851 1546
851 1704
851 1705
851 1910
852 967
852 1223
852 1283
852 1673
853 884
853 1050
853 1061
853 1131
853 1210
853 1231
853 1658
854 1030
854 1473
854 1641
854 1763
854 1893
855 1001
855 1322
855 1489
855 1580
855 1957
855 1999
857 881
857 994
857 1098
857 1323
857 1416
857 1432
857 1675
857 1787
858 1244
858 1367
858 1477
858 1528
858 1551
858 1574
858 1853
859 1077
859 1358
859 1362
859 1369
859 1430
859 1811
860 878
860 1186
860 1711
860 1837
861 942
861 986
861 1280
861 1557
861 1871
861 1934
861 1962
862 1030
862 1112
862 1282
862 1536
862 1662
862 1763
863 920
863 946
863 1643
863 1763
864 961
864 1372
864 1488
864 1657
864 1754
865 939
865 1018
865 1103
865 1379
865 1642
865 1777
865 1962
866 881
866 1185
866 1278
866 1573
866 1810
866 1843
867 1268
867 1389
867 1436
867 1477
867 1603
867 1604
868 986
868 1780
868 1864
868 1866
869 1095
869 1169
869 1274
869 1348
869 1490
869 1882
870 894
870 964
870 1397
870 1444
870 1450
871 1092
871 1396
871 1418
871 1740
872 914
872 916
872 1017
872 1110
872 1478
872 1519
872 1573
872 1617
872 1681
873 1227
873 1353
873 1501
873 1734
873 1912
873 1996
874 965
874 1307
874 1459
875 876
875 1000
875 1120
875 1291
875 1522
875 1680
876 1201
876 1502
876 1749
876 1843
876 1997
877 1069
877 1131
877 1136
877 1392
877 1422
877 1474
877 1797
878 1147
878 1150
878 1956
879 1140
879 1739
879 1805
880 1377
880 1449
880 1485
880 1639
880 1687
880 1734
880 1925
881 1034
881 1595
882 1040
882 1246
882 1354
882 1660
882 1723
882 1949
883 1052
883 1224
883 1597
884 900
884 994
884 1016
884 1082
884 1160
884 1240
884 1283
884 1359
884 1534
884 1999
885 937
885 1379
885 1434
885 1473
885 1482
885 1643
885 1851
886 903
886 979
886 1046
886 1217
886 1356
886 1743
886 1793
887 1304
887 1507
888 964
888 984
888 1706
888 1766
888 1943
889 901
889 993
889 1151
889 1578
890 1833
890 1882
891 1145
891 1318
891 1425
891 1538
892 981
892 1758
893 979
893 1082
893 1097
893 1137
893 1231
893 1386
893 1400
893 1827
893 1930
894 1214
894 1604
894 1622
894 1674
894 1765
894 1830
894 1908
895 1349
895 1380
895 1568
895 1748
895 1753
895 1755
895 1841
896 899
896 922
896 1170
896 1295
896 1366
896 1392
896 1652
896 1868
897 1119
897 1224
897 1289
897 1329
897 1333
897 1618
897 1823
897 1933
898 1200
898 1501
898 1634
898 1793
899 1116
899 1451
899 1486
899 1570
899 1594
899 1756
899 1873
900 1056
900 1321
900 1340
900 1576
900 1907
901 1312
901 1507
901 1561
901 1660
901 1826
901 1918
902 1153
902 1165
902 1967
903 936
903 1118
903 1170
903 1412
903 1525
903 1942
903 1970
904 1034
904 1121
904 1422
904 1471
904 1493
904 1744
905 1092
905 1104
905 1107
905 1789
905 1808
905 1829
905 1933
906 1039
906 1104
906 1191
906 1297
906 1395
906 1526
906 1530
906 1580
906 1602
907 1013
907 1209
907 1499
907 1872
908 1089
908 1148
908 1152
909 913
909 1196
909 1462
909 1483
909 1834
910 1118
910 1277
910 1340
910 1371
910 1479
910 1556
910 1945
911 1281
911 1359
911 1417
911 1693
911 1822
912 960
912 1099
912 1236
912 1365
912 1771
913 926
913 1481
913 1597
913 1646
913 1748
913 1885
913 1943
914 1119
914 1448
914 1475
914 1588
914 1848
915 1586
915 1829
915 1846
915 1910
916 1620
917 1050
917 1095
917 1562
917 1591
917 1805
917 1920
917 2000
918 1150
918 1577
918 1696
919 1231
919 1431
920 1458
920 1670
920 1719
920 1765
920 1876
921 933
921 954
921 1213
921 1362
921 1380
921 1453
921 1619
921 1715
921 1778
921 1838
921 1870
922 970
922 1084
922 1311
922 1395
922 1508
922 1580
922 1936
923 1450
923 1510
923 1593
923 1718
923 1896
924 1116
924 1197
924 1810
925 1144
925 1206
925 1255
925 1259
925 1303
925 1414
925 1942
926 1039
926 1284
926 1383
926 1457
926 1565
926 1624
926 1838
926 1843
926 1985
927 941
927 1163
927 1341
927 1519
927 1677
927 1847
928 1655
929 990
929 1428
929 1452
929 1576
929 1647
929 1659
929 1700
929 1859
929 1966
929 1968
930 1243
930 1270
930 1281
930 1299
930 1924
931 1073
931 1401
931 1547
932 1216
932 1263
932 1276
932 1711
932 1783
933 984
933 993
933 1076
933 1239
933 1495
934 972
934 1126
934 1692
935 1213
935 1744
936 1073
936 1230
936 1410
936 1728
936 1738
936 1846
936 1892
937 1187
937 1198
937 1941
938 989
938 1089
938 1412
938 1532
938 1703
938 1760
939 957
939 1044
939 1471
939 1505
939 1692
939 1977
940 968
940 1294
940 1810
940 1854
940 1903
941 986
941 1289
941 1343
941 1365
941 1532
942 975
942 1143
942 1169
942 1262
942 1503
942 1607
942 1611
942 1666
942 1717
942 1926
943 1218
943 1432
943 1435
943 1920
944 1034
944 1196
944 1481
944 1691
945 1070
945 1083
945 1259
945 1415
945 1628
945 1635
946 972
946 1077
946 1957
947 1823
947 1838
948 1041
948 1109
948 1302
948 1421
948 1484
948 1629
949 1073
949 1318
949 1322
949 1385
949 1438
949 1473
949 1995
950 951
950 1717
950 1844
950 1855
951 1024
951 1092
951 1271
951 1510
951 1635
951 1787
951 1937
951 1960
952 1269
952 1337
952 1378
952 1429
953 1141
953 1169
953 1204
953 1767
953 1929
954 1024
954 1499
954 1571
954 1674
954 1931
955 957
955 983
955 1035
955 1130
955 1328
955 1371
955 1530
955 1899
956 1227
956 1295
956 1588
956 1600
956 1919
957 1183
957 1330
957 1417
957 1458
958 1007
958 1592
958 1626
958 1712
958 1721
959 971
959 1394
959 1727
959 1916
959 1957
959 1980
960 1031
960 1190
960 1520
960 1534
960 1827
961 1291
961 1439
961 1592
961 1686
961 1736
961 1846
962 1034
962 1160
962 1182
962 1597
962 1742
962 1762
962 1775
963 1026
963 1116
963 1203
963 1413
963 1532
963 1631
963 1632
963 1746
963 1825
963 1909
964 1091
964 1465
964 1919
965 1051
965 1287
965 1491
965 1924
965 1938
966 1259
966 1295
966 1793
966 1820
967 1046
967 1681
967 1789
967 1901
968 981
968 1171
968 1362
968 1485
968 1516
968 1724
968 1735
968 1867
968 1896
969 1358
969 1488
969 1759
969 1787
969 1939
970 1093
970 1444
970 1625
970 1735
970 1814
970 1845
970 1908
971 1218
971 1226
971 1611
971 1808
971 1930
971 1978
972 1160
972 1414
972 1439
973 1099
973 1150
973 1427
973 1510
973 1723
973 1813
974 1118
974 1208
974 1386
974 1871
975 1081
975 1640
975 1938
975 1973
976 1009
976 1480
976 1868
977 1515
977 1571
977 1691
977 1887
977 1948
977 1952
978 1260
978 1395
978 1443
978 1638
978 1663
979 1210
979 1380
979 1473
979 1490
980 1345
980 1673
980 1713
980 1795
981 986
981 992
981 1395
981 1436
981 1621
981 1953
982 1215
982 1278
982 1318
982 1799
982 1822
983 1418
983 1572
983 1579
983 1649
983 1695
983 1827
984 997
984 1227
984 1403
984 1450
984 1540
984 1838
985 1001
985 1139
985 1181
985 1649
985 1724
985 1791
986 995
986 1302
986 1724
987 1481
987 1491
987 1598
987 1788
988 1472
988 1547
989 1048
989 1111
989 1362
989 1424
989 1876
989 1964
989 1965
989 1988
990 1021
990 1189
990 1521
990 1565
990 1810
990 1911
990 1925
991 1114
991 1205
991 1297
991 1369
991 1929
992 1316
993 1006
993 1247
993 1488
993 1603
993 1699
994 1120
994 1185
994 1355
994 1495
994 1609
994 1854
995 1460
995 1828
995 1857
996 1173
996 1379
996 1545
996 1569
996 1812
997 1021
997 1095
997 1321
997 1724
997 1991
998 1059
998 1174
998 1255
998 1498
998 1730
998 1759
998 1950
999 1298
999 1699
999 1834
999 1876
1000 1042
1000 1215
1000 1249
1000 1452
1000 1688
1000 1930
1001 1083
1001 1143
1001 1240
1001 1444
1001 1895
1001 1921
1002 1323
1002 1359
1002 1818
1002 1974
1003 1445
1003 1556
1003 1705
1003 1789
1004 1293
1004 1415
1004 1585
1004 1856
1004 1930
1005 1085
1005 1128
1005 1470
1005 1574
1005 1657
1005 1673
1005 1693
1005 1760
1005 1803
1006 1076
1006 1178
1006 1225
1006 1373
1006 1494
1006 1517
1006 1697
1006 1963
1007 1176
1007 1313
1007 1792
1007 1842
1008 1573
1008 1936
1008 1956
1009 1135
1009 1336
1009 1359
1009 1469
1009 1872
1009 1890
1009 1982
1010 1013
1010 1345
1010 1467
1010 1472
1010 1502
1011 1018
1011 1150
1011 1199
1011 1254
1011 1766
1012 1027
1012 1082
1012 1142
1012 1347
1012 1372
1012 1656
1012 1905
1012 1914
1013 1349
1013 1597
1013 1680
1014 1253
1014 1297
1014 1371
1014 1427
1014 1484
1014 1502
1014 1804
1014 1972
1015 1122
1015 1262
1015 1511
1015 1545
1015 1864
1016 1419
1016 1596
1016 2000
1017 1031
1017 1265
1017 1303
1017 1357
1017 1680
1017 1729
1017 1924
1018 1082
1018 1372
1018 1777
1018 1827
1019 1038
1019 1208
1019 1442
1019 1995
1020 1049
1020 1950
1021 1164
1021 1399
1021 1592
1021 1661
1021 1745
1021 1801
1022 1494
1022 1616
1022 1697
1022 1765
1022 1924
1023 1466
1023 1672
1023 1869
1024 1468
1024 1487
1024 1727
1024 1786
1024 1857
1024 1997
1025 1249
1025 1654
1025 1660
1025 1894
1025 1963
1025 1999
1026 1195
1026 1244
1026 1352
1026 1597
1027 1118
1027 1298
1027 1385
1027 1394
1027 1447
1027 1589
1027 1874
1028 1214
1028 1716
1028 1909
1029 1072
1029 1358
1029 1384
1029 1641
1029 1781
1029 1933
1030 1059
1030 1079
1030 1285
1030 1404
1030 1599
1030 1769
1031 1430
1031 1631
1032 1099
1032 1799
1033 1059
1033 1332
1033 1601
1034 1175
1034 1275
1034 1635
1034 1653
1034 1659
1034 1668
1034 1921
1035 1207
1035 1217
1035 1506
1035 1627
1036 1087
1036 1127
1037 1040
1037 1289
1037 1458
1037 1884
1038 1225
1038 1282
1038 1467
1038 1636
1038 1646
1039 1094
1039 1334
1039 1634
1039 1798
1040 1142
1040 1342
1040 1790
1041 1233
1041 1242
1041 1523
1041 1630
1042 1076
1042 1610
1042 1716
1042 1914
1043 1093
1043 1378
1043 1753
1043 1948
1044 1198
1044 1325
1044 1355
1044 1578
1044 1614
1044 1852
1045 1052
1045 1130
1045 1170
1045 1232
1045 1579
1045 1654
1045 1783
1045 1992
1046 1108
1046 1400
1046 1535
1046 1607
1046 1964
1046 1972
1047 1067
1047 1269
1047 1332
1047 1334
1047 1498
1048 1181
1048 1286
1048 1303
1048 1411
1048 1440
1048 1773
1049 1087
1049 1727
1050 1150
1050 1358
1050 1395
1050 1935
1051 1489
1051 1865
1051 1965
1052 1265
1052 1349
1052 1443
1052 1466
1052 1541
1052 1928
1053 1055
1053 1108
1053 1367
1053 1381
1053 1596
1053 1665
1054 1055
1054 1158
1054 1189
1054 1198
1054 1338
1054 1400
1054 1439
1054 1610
1054 1660
1054 1794
1055 1370
1055 1431
1055 1711
1055 1718
1055 1812
1056 1060
1056 1265
1056 1843
1057 1672
1057 1683
1057 1722
1058 1229
1058 1389
1059 1134
1059 1200
1059 1325
1059 1351
1059 1737
1059 1990
1060 1249
1060 1260
1060 1314
1060 1347
1060 1777
1060 1783
1061 1119
1061 1359
1061 1408
1062 1154
1062 1156
1062 1517
1062 1762
1062 1765
1062 1975
1063 1196
1063 1214
1063 1402
1063 1422
1063 1488
1065 1319
1065 1952
1066 1105
1066 1222
1066 1420
1066 1632
1067 1090
1067 1485
1067 1729
1067 1989
1068 1214
1068 1462
1068 1464
1068 1564
1068 1589
1069 1161
1069 1351
1070 1328
1070 1422
1070 1445
1070 1701
1071 1133
1071 1629
1071 1729
1071 1826
1072 1462
1072 1531
1072 1578
1072 1710
1072 1723
1072 1773
1073 1083
1073 1298
1073 1397
1073 1711
1074 1079
1074 1467
1074 1891
1075 1094
1075 1324
1075 1556
1075 1588
1076 1184
1076 1247
1076 1308
1076 1426
1076 1436
1076 1694
1076 1918
1077 1139
1077 1163
1077 1281
1077 1523
1077 1554
1078 1418
1078 1523
1078 1535
1078 1706
1078 1839
1079 1165
1079 1315
1079 1718
1080 1129
1080 1777
1080 1806
1081 1141
1081 1355
1081 1536
1081 1706
1082 1101
1082 1189
1082 1243
1082 1299
1082 1502
1082 1693
1082 1752
1082 1995
1083 1229
1083 1276
1083 1369
1083 1483
1083 1821
1083 1909
1084 1097
1084 1165
1084 1180
1084 1196
1084 1279
1085 1295
1085 1355
1085 1554
1085 1747
1086 1531
1086 1576
1086 1617
1086 1666
1087 1094
1087 1489
1087 1565
1087 1726
1087 1897
1088 1160
1088 1354
1088 1375
1088 1494
1088 1940
1089 1123
1089 1189
1089 1191
1089 1577
1089 1671
1089 1685
1090 1648
1090 1712
1090 1986
1091 1097
1091 1326
1091 1370
1091 1496
1091 1665
1091 1679
1091 1799
1092 1199
1092 1238
1092 1647
1093 1466
1093 1892
1094 1255
1094 1768
1094 1952
1095 1317
1095 1416
1095 1587
1095 1596
1095 1646
1096 1120
1096 1269
1096 1288
1096 1437
1096 1583
1096 1649
1096 1795
1097 1231
1097 1309
1097 1502
1097 1585
1097 1630
1097 1712
1098 1407
1098 1609
1098 1801
1099 1532
1100 1104
1100 1279
1100 1293
1100 1483
1100 1996
1101 1183
1101 1187
1101 1277
1101 1508
1101 1521
1101 1678
1101 1783
1102 1361
1102 1466
1102 1610
1102 1896
1103 1134
1103 1250
1103 1454
1103 1479
1103 1531
1103 1566
1103 1577
1103 1707
1104 1167
1104 1232
1104 1274
1104 1334
1104 1437
1104 1503
1105 1230
1105 1312
1105 1494
1105 1622
1105 1632
1105 1862
1105 1886
1106 1348
1106 1390
1106 1429
1106 1775
1106 1842
1107 1221
1107 1364
1107 1624
1107 1706
1108 1414
1108 1689
1108 1750
1108 1779
1108 1780
1108 1831
1108 1919
1108 1963
1108 1977
1109 1189
1109 1275
1109 1911
1109 1987
1110 1295
1110 1420
1110 1463
1110 1772
1110 1958
1111 1184
1111 1331
1111 1672
1111 1899
1112 1133
1112 1159
1112 1287
1112 1296
1112 1730
1113 1208
1113 1281
1113 1404
1113 1432
1113 1558
1113 1597
1113 1778
1113 1857
1113 1880
1115 1176
1115 1223
1115 1734
1116 1217
1116 1243
1116 1875
1117 1266
1117 1416
1117 1476
1117 1799
1117 1809
1117 1814
1117 1849
1118 1199
1118 1362
1118 1382
1118 1677
1118 1916
1119 1329
1119 1642
1119 1871
1119 1889
1120 1126
1120 1201
1120 1316
1120 1391
1120 1409
1120 1477
1120 1648
1120 1941
1121 1705
1121 1884
1122 1274
1122 1596
1122 1726
1122 1731
1123 1309
1123 1317
1123 1358
1123 1533
1123 1963
1124 1430
1124 1487
1124 1579
1124 1705
1124 1727
1125 1295
1125 1762
1126 1304
1126 1339
1126 1499
1126 1504
1126 1524
1126 1885
1126 1922
1126 1936
1127 1317
1127 1899
1129 1379
1129 1564
1129 1859
1129 1874
1129 1897
1130 1135
1130 1329
1130 1620
1130 1627
1131 1173
1131 1177
1131 1279
1131 1736
1132 1629
1132 1928
1132 1996
1133 1137
1133 1254
1133 1733
1133 1989
1134 1159
1134 1186
1134 1345
1134 1349
1134 1582
1134 1881
1135 1188
1135 1267
1135 1422
1135 1450
1136 1848
1136 1853
1137 1218
1137 1615
1137 1710
1137 1839
1138 1571
1138 1793
1138 1939
1139 1261
1139 1297
1140 1641
1141 1315
1141 1577
1141 1724
1142 1236
1142 1272
1142 1540
1142 1860
1143 1236
1143 1268
1143 1415
1143 1501
1143 1607
1143 1771
1143 1796
1144 1343
1144 1605
1144 1858
1144 1961
1145 1266
1146 1380
1146 1555
1146 1817
1146 1959
1147 1759
1147 1891
1147 1927
1147 1946
1148 1157
1148 1222
1148 1403
1148 1423
1148 1526
1148 1591
1148 1836
1149 1277
1149 1574
1149 1802
1149 1819
1149 1895
1150 1478
1150 1676
1150 1864
1150 1952
1151 1305
1151 1831
1151 1879
1151 1968
1152 1835
1153 1185
1153 1321
1153 1821
1153 1854
1154 1535
1154 1747
1155 1378
1155 1407
1155 1625
1155 1720
1156 1415
1156 1505
1156 1531
1157 1450
1157 1542
1157 1594
1157 1634
1157 1652
1157 1708
1157 1851
1158 1632
1159 1340
1159 1652
1160 1202
1160 1440
1160 1812
1160 1978
1161 1529
1161 1954
1162 1288
1162 1321
1162 1409
1163 1438
1163 1621
1163 1703
1163 1756
1163 1993
1164 1229
1164 1358
1164 1454
1164 1563
1165 1225
1165 1541
1166 1199
1166 1214
1166 1320
1166 1667
1166 1786
1167 1230
1167 1340
1167 1602
1167 1746
1167 1805
1168 1215
1168 1231
1168 1337
1168 1398
1168 1640
1168 1716
1168 1829
1169 1888
1169 1964
1170 1330
1170 1614
1170 1644
1170 1697
1170 1959
1171 1225
1171 1476
1171 1567
1171 1621
1171 1679
1171 1886
1172 1724
1172 1818
1173 1475
1173 1593
1173 1865
1174 1195
1174 1496
1175 1439
1175 1656
1175 1667
1175 1696
1176 1318
1176 1490
1176 1630
1176 1717
1177 1682
1177 1755
1177 1827
1177 1934
1178 1295
1178 1915
1179 1412
1179 1841
1180 1247
1180 1368
1180 1603
1180 1628
1180 1644
1180 1686
1180 1942
1181 1589
1181 1734
1181 1761
1182 1405
1182 1917
1182 1925
1182 1934
1182 1989
1183 1229
1183 1392
1183 1484
1183 1555
1184 1465
1184 1968
1185 1501
1185 1526
1185 1536
1186 1269
1186 1709
1187 1571
1187 1753
1187 1826
1188 1454
1188 1854
1188 1924
1189 1329
1189 1500
1189 1984
1190 1343
1190 1503
1190 1688
1190 1697
1190 1698
1190 1751
1190 1895
1191 1441
1191 1537
1191 1563
1192 1238
1192 1242
1192 1270
1192 1609
1192 1663
1192 1923
1192 1946
1193 1236
1193 1400
1193 1529
1193 1854
1193 1953
1194 1420
1194 1435
1194 1646
1194 1773
1194 1883
1195 1202
1195 1821
1195 1862
1195 1884
1196 1237
1196 1349
1196 1436
1196 1760
1199 1433
1199 1942
1199 1952
1199 1976
1199 1999
1200 1334
1200 1609
1200 1693
1200 1905
1200 1952
1201 1477
1201 1527
1201 1597
1201 1677
1201 1771
1201 1793
1201 1833
1202 1291
1202 1326
1202 1524
1202 1565
1202 1955
1202 1976
1203 1235
1203 1246
1203 1473
1203 1494
1204 1429
1204 1634
1204 1948
1204 1970
1204 1986
1204 1988
1205 1218
1205 1812
1205 1907
1205 1911
1205 1925
1206 1337
1206 1903
1206 1962
1207 1402
1207 1556
1207 1809
1207 1915
1207 1972
1207 1998
1208 1393
1208 1497
1208 1698
1208 1722
1209 1302
1209 1527
1209 1660
1209 1735
1209 1783
1209 1982
1210 1404
1210 1566
1211 1325
1211 1617
1211 1703
1211 1849
1212 1343
1212 1374
1212 1432
1212 1446
1212 1544
1212 1623
1213 1241
1213 1392
1213 1547
1213 1633
1213 1799
1214 1254
1214 1515
1214 1645
1214 1975
1215 1533
1215 1819
1215 1892
1215 1893
1216 1624
1216 1674
1216 1683
1217 1828
1217 1830
1218 1830
1219 1971
1219 1998
1220 1236
1220 1513
1220 1794
1220 1849
1221 1556
1221 1690
1221 1695
1221 1876
1221 1962
1222 1577
1222 1661
1222 1821
1223 1260
1223 1509
1223 1522
1223 1631
1223 1744
1223 1913
1223 1923
1224 1343
1224 1577
1224 1688
1225 1305
1225 1400
1225 1456
1225 1630
1225 1782
1225 1948
1226 1470
1226 1479
1226 1483
1226 1547
1226 1677
1226 1846
1226 1854
1226 1884
1227 1246
1227 1432
1227 1514
1227 1599
1227 1777
1227 1834
1227 1894
1227 1926
1227 1951
1228 1422
1228 1553
1228 1691
1228 1950
1228 1969
1229 1401
1229 1444
1229 1476
1229 1687
1230 1482
1230 1954
1231 1256
1231 1272
1231 1760
1231 1809
1232 1258
1232 1381
1232 1420
1232 1475
1232 1482
1232 1647
1232 1957
1232 1958
1232 1981
1233 1295
1233 1310
1233 1457
1233 1822
1233 1849
1234 1241
1234 1302
1234 1984
1235 1398
1235 1463
1235 1515
1235 1529
1235 1626
1235 1736
1236 1573
1236 1613
1236 1916
1237 1637
1237 1729
1238 1250
1238 1289
1238 1347
1238 1576
1239 1339
1239 1389
1239 1501
1239 1617
1239 1647
1239 1957
1240 1245
1240 1447
1240 1520
1240 1639
1240 1786
1240 1789
1240 1903
1241 1431
1241 1534
1241 1765
1241 1869
1242 1655
1242 1780
1242 1818
1242 1879
1242 1927
1243 1381
1243 1697
1243 1998
1244 1269
1244 1338
1244 1350
1244 1677
1244 1695
1244 1849
1245 1311
1245 1597
1245 1598
1245 1634
1245 1791
1245 1878
1246 1522
1246 1634
1247 1409
1247 1505
1247 1655
1247 1742
1248 1577
1248 1614
1248 1832
1249 1430
1249 1558
1249 1703
1250 1587
1250 1784
1251 1339
1251 1630
1251 1819
1251 1856
1252 1452
1252 1505
1252 1539
1252 1606
1252 1619
1252 1704
1253 1332
1254 1341
1254 1472
1254 1573
1254 1788
1254 1976
1255 1375
1255 1502
1255 1789
1255 1978
1256 1278
1256 1344
1256 1360
1256 1460
1256 1707
1256 1783
1257 1306
1257 1505
1257 1591
1257 1665
1257 1741
1257 1792
1258 1288
1258 1424
1258 1557
1258 1580
1258 1584
1258 1903
1259 1318
1259 1464
1259 1602
1260 1367
1260 1482
1260 1676
1260 1970
1261 1367
1261 1411
1261 1423
1261 1443
1261 1502
1261 1736
1261 1931
1262 1309
1262 1319
1262 1609
1262 1699
1263 1314
1263 1356
1263 1527
1263 1829
1264 1455
1265 1575
1265 1726
1265 1728
1265 1742
1265 1916
1266 1739
1266 1985
1267 1511
1267 1835
1267 1867
1267 1956
1268 1401
1268 1509
1268 1830
1268 1904
1269 1400
1269 1893
1269 1905
1270 1587
1270 1621
1270 1649
1270 1906
1271 1480
1271 1953
1272 1550
1272 1743
1272 1907
1273 1338
1273 1435
1273 1701
1273 1716
1273 1736
1273 1999
1274 1333
1274 1416
1274 1438
1275 1322
1275 1324
1275 1458
1275 1656
1276 1284
1276 1375
1276 1709
1276 1806
1276 1852
1276 1884
1276 1986
1276 1987
1277 1395
1277 1440
1277 1464
1277 1527
1277 1801
1278 1325
1278 1438
1278 1496
1278 1636
1278 1755
1278 1904
1279 1313
1279 1445
1279 1568
1279 1575
1279 1729
1279 1791
1279 1807
1279 1857
1279 1963
1280 1322
1280 1374
1280 1587
1280 1614
1280 1800
1280 1832
1280 1985
1281 1373
1281 1661
1281 1687
1281 1702
1281 1794
1281 1825
1282 1472
1282 1599
1282 1656
1283 1296
1283 1610
1284 1470
1284 1475
1284 1506
1284 1538
1284 1550
1285 1386
1285 1694
1285 1941
1286 1381
1286 1738
1286 1969
1286 1971
1287 1330
1287 1340
1287 1351
1287 1474
1287 1730
1287 1945
1288 1703
1288 1773
1288 1815
1289 1621
1289 1660
1290 1316
1290 1532
1290 1708
1290 1968
1291 1524
1291 1623
1292 1652
1292 1724
1292 1980
1293 1381
1293 1450
1293 1523
1293 1789
1294 1322
1294 1419
1294 1460
1294 1604
1294 1850
1294 1975
1295 1335
1295 1416
1295 1762
1295 1793
1295 1878
1296 1359
1296 1448
1296 1652
1296 1772
1296 1933
1296 1935
1297 1303
1297 1321
1297 1337
1297 1959
1297 1988
1298 1329
1298 1335
1298 1507
1298 1618
1298 1734
1298 1893
1298 1971
1298 1999
1299 1490
1299 1631
1299 1730
1299 1911
1300 1376
1300 1924
1301 1909
1302 1763
1303 1498
1303 1500
1303 1888
1303 1913
1304 1402
1304 1427
1304 1527
1304 1637
1305 1657
1305 1666
1305 1768
1306 1373
1306 1375
1306 1677
1306 1688
1306 1792
1307 1336
1307 1487
1307 1634
1307 1970
1308 1326
1308 1795
1308 1991
1309 1674
1309 1736
1310 1460
1310 1624
1310 1896
1311 1807
1313 1315
1313 1339
1314 1507
1315 1543
1315 1639
1315 1643
1316 1722
1316 1822
1317 1360
1317 1578
1317 1675
1317 1715
1317 1737
1318 1467
1318 1960
1319 1367
1319 1484
1319 1620
1319 1735
1319 1817
1320 1534
1321 1704
1321 1885
1321 1996
1322 1466
1322 1629
1322 1688
1323 1357
1323 1562
1323 1764
1323 1847
1324 1379
1324 1435
1324 1471
1324 1561
1324 1824
1324 1835
1325 1748
1325 1907
1325 1955
1326 1493
1327 1415
1327 1858
1328 1635
1328 1868
1328 1887
1329 1397
1329 1574
1329 1745
1329 1855
1330 1502
1330 1680
1330 1826
1330 1857
1330 1927
1331 1719
1331 1749
1331 1825
1332 1561
1332 1866
1332 1972
1333 1464
1333 1753
1334 1592
1334 1617
1334 1784
1334 1959
1335 1783
1335 1856
1336 1662
1336 1699
1336 1717
1336 1767
1337 1640
1337 1771
1337 1878
1338 1549
1338 1560
1338 1575
1338 1598
1338 1641
1338 1841
1338 1937
1339 1392
1339 1455
1339 1572
1339 1581
1339 1687
1339 1722
1340 1408
1340 1531
1340 1899
1340 1928
1341 1620
1341 1624
1341 1854
1342 1381
1342 1558
1342 1793
1342 2000
1343 1517
1343 1542
1343 1643
1343 1860
1344 1650
1345 1557
1345 1681
1346 1745
1346 1811
1346 1819
1347 1434
1347 1775
1348 1404
1348 1435
1348 1446
1348 1509
1348 1634
1348 1881
1350 1637
1350 1675
1350 1782
1350 1794
1351 1606
1351 1785
1352 1953
1353 1615
1353 1764
1353 1788
1353 1997
1354 1416
1354 1420
1355 1594
1355 1754
1355 1761
1356 1941
1356 1953
1357 1445
1357 1662
1357 1988
1358 1436
1358 1503
1358 1676
1358 1704
1358 1790
1358 1834
1359 1512
1359 1513
1360 1651
1360 1680
1360 1722
1360 1963
1361 1524
1361 1657
1361 1780
1362 1611
1362 1661
1362 1861
1362 1992
1363 1408
1363 1518
1363 1638
1363 1773
1363 1927
1364 1517
1364 1808
1364 1973
1365 1585
1365 1765
1366 1394
1367 1429
1367 1440
1367 1473
1367 1474
1367 1762
1367 1860
1367 1862
1368 1461
1368 1619
1368 1801
1369 1912
1369 1924
1370 1463
1370 1606
1370 1725
1370 1898
1370 1907
1370 1990
1371 1498
1371 1825
1372 1394
1372 1700
1372 1918
1372 1950
1372 1954
1373 1852
1374 1415
1374 1721
1374 1731
1375 1506
1375 1659
1375 1697
1375 1881
1376 1448
1376 1469
1376 1613
1376 1727
1376 1901
1376 1956
1376 1987
1377 1613
1377 1715
1377 1777
1378 1526
1378 1565
1378 1577
1378 1766
1378 1867
1379 1820
1379 1824
1379 1910
1380 1597
1380 1927
1380 1999
1381 1439
1381 1576
1381 1889
1383 1474
1384 1386
1384 1503
1385 1560
1385 1733
1385 1999
1386 1508
1386 1605
1386 1713
1387 1477
1387 1678
1387 1717
1387 1768
1387 1945
1387 1986
1388 1908
1388 1935
1389 1512
1389 1961
1390 1474
1390 1517
1390 1792
1390 1872
1390 1910
1391 1488
1391 1961
1392 1771
1392 1878
1393 1684
1393 1986
1394 1466
1394 1630
1394 1657
1395 1657
1395 1715
1396 1451
1396 1939
1397 1431
1397 1461
1397 1521
1397 1602
1397 1739
1398 1725
1398 1753
1398 1896
1398 1906
1399 1416
1399 1577
1399 1612
1399 1629
1399 1888
1400 1429
1401 1519
1401 1754
1401 1836
1401 1869
1401 1945
1402 1565
1402 1576
1402 1594
1402 1783
1402 1847
1403 1991
1404 1451
1404 1458
1404 1481
1404 1640
1404 1815
1404 1957
1404 1983
1405 1420
1405 1944
1406 1493
1406 1962
1407 1462
1407 1476
1407 1511
1407 1554
1407 1702
1407 1735
1407 1767
1407 1842
1408 1649
1408 1732
1409 1523
1409 1642
1409 1690
1409 1859
1411 1470
1411 1497
1411 1881
1411 1888
1411 1927
1411 1961
1412 1648
1412 1670
1413 1904
1415 1441
1415 1542
1415 1650
1415 1773
1415 1827
1416 1422
1417 1439
1417 1518
1417 1815
1418 1900
1418 1964
1419 1449
1419 1489
1419 1523
1419 1910
1420 1444
1420 1553
1420 1722
1420 1816
1421 1532
1421 1994
1422 1498
1422 1747
1423 1735
1423 1879
1424 1564
1424 1614
1425 1478
1425 1640
1425 1782
1427 1626
1427 1638
1428 1527
1428 1528
1428 1798
1428 1919
1429 1799
1429 1977
1430 1542
1430 1624
1431 1668
1431 1857
1432 1451
1432 1890
1432 1969
1433 1779
1434 1478
1434 1610
1435 1727
1435 1991
1436 1883
1436 1985
1437 1559
1437 1667
1438 1451
1438 1817
1439 1780
1439 1908
1440 1775
1440 1855
1440 1884
1441 1708
1442 1548
1442 1604
1442 1782
1442 1801
1443 1765
1443 1796
1444 1487
1444 1758
1444 1797
1445 1777
1445 1839
1446 1531
1446 1564
1446 1716
1446 1751
1446 1895
1446 1949
1447 1705
1447 1997
1449 1948
1449 1963
1450 1581
1450 1821
1450 1864
1450 1865
1450 1907
1451 1598
1452 1944
1453 1588
1453 1633
1453 1829
1453 1882
1454 1583
1454 1871
1455 1556
1455 1587
1455 1641
1455 1808
1455 1907
1455 1986
1457 1999
1458 1688
1458 1984
1459 1836
1460 1576
1460 1894
1461 1467
1461 1577
1461 1980
1463 1470
1463 1526
1463 1551
1463 1863
1464 1570
1465 1623
1465 1646
1465 1679
1465 1970
1466 1578
1466 1760
1466 1769
1466 1822
1466 1914
1467 1786
1467 1896
1467 1912
1468 1534
1468 1626
1468 1641
1469 1476
1469 1627
1469 1668
1469 1782
1469 1953
1469 1959
1470 1604
1471 1563
1471 1764
1471 1817
1471 1892
1472 1562
1472 1641
1472 1827
1472 1986
1473 1528
1473 1589
1473 1701
1473 1819
1473 1984
1474 1610
1474 1692
1474 1795
1474 1837
1474 1850
1475 1606
1475 1913
1475 1960
1476 1741
1476 1831
1476 1905
1476 1978
1477 1959
1478 1581
1478 1593
1478 1679
1479 1529
1482 1614
1482 1783
1482 1930
1483 1904
1483 1911
1484 1555
1484 1605
1484 1626
1484 1695
1484 1761
1484 1791
1485 1730
1485 1881
1485 1913
1485 1986
1486 1798
1486 1925
1486 1992
1488 1883
1488 1899
1488 1959
1489 1548
1489 1814
1490 1538
1490 1732
1490 1976
1491 1520
1491 1722
1491 1895
1492 1518
1492 1790
1492 1833
1492 1895
1493 1519
1493 1526
1493 1782
1495 1509
1495 1584
1495 1649
1495 1758
1495 1839
1496 1908
1497 1551
1497 1569
1497 1814
1497 1818
1498 1508
1498 1809
1499 1515
1499 1828
1501 1804
1501 1957
1503 1575
1503 1986
1504 1674
1504 1747
1504 1961
1505 1697
1505 1849
1506 1801
1506 1969
1507 1638
1509 1715
1509 1739
1509 1788
1509 1908
1509 1937
1509 1963
1510 1579
1510 1640
1510 1754
1512 1566
1512 1722
1512 1850
1513 1538
1513 1652
1513 1857
1514 1571
1514 1630
1514 1727
1515 1560
1515 1570
1515 1646
1515 1762
1516 1957
1517 1949
1517 1964
1518 1544
1518 1641
1518 1840
1520 1564
1520 1612
1521 1667
1521 1732
1521 1762
1522 1734
1522 1768
1523 1848
1523 1871
1523 1887
1524 1676
1524 1778
1524 1872
1525 1713
1525 1880
1525 1929
1526 1596
1526 1790
1526 1864
1527 2000
1528 1825
1528 1832
1529 1595
1530 1545
1530 1616
1532 1645
1532 1667
1533 1548
1533 1620
1533 1752
1534 1542
1534 1942
1534 1945
1536 1632
1536 1925
1536 1932
1537 1613
1538 1573
1541 1583
1542 1548
1542 1624
1542 1707
1542 1823
1543 1628
1543 1697
1543 1699
1543 1944
1544 1749
1544 1776
1544 1812
1544 1986
1545 1575
1545 1748
1545 1795
1545 1896
1546 1906
1546 1934
1547 1901
1547 1969
1548 1756
1548 1984
1549 1746
1549 1775
1549 1777
1549 1779
1549 1805
1549 1928
1549 1950
1550 1830
1551 1787
1552 1687
1552 1815
1552 1946
1552 1950
1553 1597
1553 1794
1554 1642
1554 1812
1555 1695
1555 1815
1555 1824
1555 1864
1557 1949
1558 1587
1558 1739
1558 1885
1561 1562
1561 1624
1561 1642
1561 1978
1562 1654
1562 1656
1562 1752
1562 1923
1563 1730
1563 2000
1564 1588
1564 1837
1564 1984
1565 1593
1565 1692
1565 1694
1565 1927
1566 1636
1566 1768
1566 1927
1567 1644
1567 1687
1567 1870
1567 1903
1568 1699
1568 1821
1568 1849
1568 1985
1569 1586
1569 1630
1569 1829
1570 1586
1570 1594
1570 1752
1571 1610
1571 1687
1571 1771
1571 1812
1572 1869
1572 1897
1572 1918
1573 1667
1573 1864
1573 1974
1574 1580
1574 1660
1574 1774
1574 1788
1576 1801
1577 1655
1577 1945
1578 1752
1579 1623
1579 1809
1579 1864
1579 1905
1580 1661
1580 1944
1581 1596
1581 1700
1581 1704
1581 1743
1582 1824
1582 1886
1584 1696
1584 1723
1584 1874
1585 1635
1585 1749
1585 1950
1585 1999
1587 1639
1587 1777
1588 1831
1588 1875
1590 1637
1590 1757
1590 1773
1590 1956
1590 1998
1591 1611
1592 1952
1593 1818
1593 1908
1593 1963
1594 1815
1594 1895
1594 1987
1595 1638
1595 1701
1595 1758
1597 1757
1597 1862
1598 1924
1599 1695
1599 1740
1600 1761
1601 1793
1601 1949
1602 1769
1602 1820
1602 1838
1602 1927
1603 1992
1605 1778
1606 1782
1606 1822
1606 1827
1606 1909
1606 1988
1607 1630
1610 1757
1610 1834
1610 1841
1610 1992
1611 1863
1612 1887
1612 1890
1613 1785
1613 1820
1616 1863
1616 1870
1616 1989
1617 1733
1617 1978
1618 1730
1619 1766
1619 1918
1621 1827
1621 1856
1622 1853
1622 1932
1623 1764
1623 1871
1623 1963
1623 1982
1624 1974
1625 1633
1625 1694
1626 1632
1626 1686
1626 1885
1627 1841
1627 1973
1629 1826
1629 1943
1630 1663
1630 1806
1631 1641
1631 1644
1631 1940
1632 1698
1633 1980
1635 1888
1636 1755
1637 1928
1638 1800
1638 1930
1640 1776
1640 1782
1640 1870
1640 1990
1641 1680
1641 1705
1641 1820
1641 1886
1642 1754
1642 1934
1643 1723
1643 1844
1643 1929
1644 1754
1644 1766
1644 1814
1644 1845
1645 1739
1645 1856
1647 1982
1649 1763
1649 1808
1651 1728
1651 1929
1652 1683
1652 1811
1652 1881
1653 1859
1653 1999
1654 1688
1654 1780
1655 1656
1655 1658
1655 1882
1656 1692
1656 1725
1656 1757
1656 1809
1656 1898
1657 1803
1658 1797
1660 1830
1660 1869
1660 1903
1661 1742
1661 1918
1663 1802
1664 1718
1664 1881
1666 1835
1667 1800
1667 1956
1668 1711
1668 1937
1669 1833
1670 1755
1670 1830
1672 1816
1672 1846
1672 1921
1672 1985
1673 1784
1674 1848
1675 1682
1675 1705
1675 1815
1676 1728
1676 1834
1676 1896
1678 1681
1678 1756
1678 1814
1680 1884
1680 1999
1682 1833
1683 1940
1683 1984
1684 1946
1685 1886
1686 1702
1686 1904
1687 1910
1688 1807
1689 1860
1693 1866
1693 1929
1693 1938
1694 1716
1694 1797
1694 1843
1694 1997
1695 1724
1695 1755
1697 1727
1697 1743
1698 1955
1699 1737
1700 1737
1700 1739
1700 1932
1702 1824
1702 1836
1702 1925
1704 1744
1704 1901
1704 1994
1704 1996
1705 1751
1705 1757
1705 1885
1706 1798
1707 1880
1707 1912
1707 2000
1710 1988
1711 1955
1712 1756
1712 1882
1712 1907
1712 1977
1712 1999
1714 1734
1714 1840
1715 1741
1716 1996
1717 1887
1717 1922
1718 1778
1719 1791
1720 1805
1721 1875
1723 1730
1724 1897
1724 1908
1724 1965
1726 1865
1727 1928
1728 1810
1728 1877
1729 1813
1729 1921
1729 1975
1732 1736
1732 1893
1732 1914
1733 1820
1733 1953
1735 1864
1736 1817
1736 1896
1737 1847
1741 1825
1741 1948
1741 1988
1742 1752
1742 1784
1743 1879
1745 1835
1745 1844
1747 1821
1748 1923
1748 1929
1748 1932
1749 1779
1749 1881
1750 1889
1750 1896
1750 1986
1753 1979
1754 1949
1755 1898
1756 1797
1756 1830
1756 1854
1757 1822
1758 1759
1758 1912
1758 1954
1758 1968
1759 1936
1759 1993
1761 1920
1761 1993
1762 1779
1763 1967
1764 1785
1764 1959
1765 1787
1765 1892
1765 1906
1766 1955
1767 1838
1767 1984
1768 1975
1771 1786
1771 1808
1771 1980
1773 1982
1774 1891
1775 1945
1775 1952
1776 1848
1776 1936
1776 1962
1777 1897
1778 1880
1779 1812
1779 1857
1779 1917
1779 1984
1780 1800
1782 1813
1783 1915
1783 1942
1784 1785
1786 1794
1787 1876
1788 1796
1788 1888
1790 1794
1791 1901
1791 2000
1793 1805
1793 1854
1795 1969
1797 2000
1798 1974
1800 1892
1800 1946
1800 1998
1801 1856
1801 1950
1802 1839
1803 1867
1803 1904
1804 1998
1806 1898
1807 1876
1808 1965
1809 1921
1809 1935
1809 1960
1811 1830
1812 1933
1814 1815
1814 1895
1816 1862
1816 1952
1816 1967
1816 1994
1817 1933
1818 1854
1818 1861
1819 1847
1819 1890
1820 1835
1820 1899
1820 1904
1826 1954
1828 1866
1831 1947
1834 1954
1835 1936
1836 1879
1836 1978
1836 1997
1837 1900
1837 1975
1839 1867
1839 1946
1839 1951
1839 1953
1841 1862
1841 1915
1844 1975
1845 1858
1847 1873
1852 1858
1854 1860
1854 1991
1855 1867
1860 1983
1862 1899
1867 1875
1867 1917
1867 1943
1868 1929
1868 1934
1868 1946
1871 1922
1871 1951
1872 1933
1873 1984
1875 1990
1877 1896
1877 1926
1880 1986
1882 1945
1883 1894
1883 1997
1885 1989
1891 1911
1893 1977
1895 1931
1895 1975
1896 1952
1899 1957
1899 1991
1902 1965
1905 1943
1905 1944
1906 1912
1910 1965
1911 1916
1911 1963
1912 1937
1914 1934
1915 1955
1915 1956
1916 1937
1920 1955
1921 1933
1922 1989
1929 1949
1930 1966
1937 1955
1940 1975
1941 1943
1947 1980
1954 1971
1954 1976
1959 1972
1975 1982
1976 1989
