2000
3 357
5 324
5 1825
7 1103
8 510
11 1133
21 263
22 703
25 213
30 940
36 754
46 640
46 1914
55 746
56 1038
69 1305
71 663
97 1012
99 639
100 544
105 416
109 1721
112 602
130 608
137 1291
144 857
144 881
146 615
152 1224
152 1914
155 417
155 1370
159 1364
164 222
171 470
184 1282
190 406
191 276
205 335
205 338
209 1453
217 1176
228 1329
228 1452
228 1564
238 856
242 592
250 767
254 1402
254 1888
256 1045
267 1755
272 1679
274 1579
275 1630
283 894
318 1215
319 464
321 1819
326 1643
334 1962
339 1558
339 1575
340 623
345 1061
368 580
371 1908
376 655
387 1308
392 564
393 721
394 697
396 577
403 790
422 1822
427 899
447 1286
448 1692
453 655
453 1579
461 1218
467 937
473 1940
474 902
478 484
478 773
478 1762
492 1928
495 1001
499 800
513 1237
516 976
540 1278
546 1144
548 606
552 1192
559 1256
566 1462
587 1033
588 1377
592 1243
595 1975
601 1072
602 1918
604 1877
608 1330
611 1919
619 1010
620 1092
630 1396
642 1464
647 738
649 1487
651 816
657 1407
661 1319
665 867
666 1847
667 1494
675 874
682 1534
683 1560
692 956
714 973
728 885
754 1076
758 1032
758 1823
784 1459
797 1176
799 1089
809 1119
813 1904
836 861
837 1835
840 1758
845 1475
849 1878
853 1050
857 1432
859 1430
869 1490
883 1052
886 903
901 1826
905 1808
916 1620
919 1431
921 1380
929 990
939 1044
953 1767
969 1759
970 1444
995 1460
1008 1573
1019 1442
1022 1616
1029 1072
1044 1325
1054 1189
1075 1324
1079 1718
1089 1189
1096 1269
1101 1783
1107 1624
1124 1430
1138 1571
1171 1621
1199 1999
1204 1634
1217 1830
1242 1879
1254 1341
1270 1906
1293 1381
1340 1899
1355 1594
1357 1445
1360 1651
1367 1474
1377 1777
1397 1602
1460 1576
1474 1795
1476 1831
1476 1905
1484 1555
1492 1895
1504 1674
1530 1545
1558 1885
1636 1755
1643 1844
1656 1898
1660 1903
1741 1948
1777 1897
